2307604,0.37,0.10,-0.22,-9.75,3
2307664,0.19,0.17,-0.14,-9.87,3
2307724,0.00,0.13,-0.27,-9.82,3
2307784,-0.44,0.13,-0.19,-9.83,3
2307844,-0.75,0.17,-0.16,-9.79,3
2307904,0.44,0.16,-0.23,-9.82,3
2307964,0.25,0.14,-0.32,-9.85,3
2308024,-0.12,0.19,-0.22,-9.84,3
2308084,0.19,0.14,-0.27,-9.81,3
2308144,-0.06,0.17,-0.19,-9.79,3
2308204,0.06,-0.01,-0.29,-9.87,3
2308264,-0.12,0.16,-0.21,-9.80,3
2308324,-0.25,0.18,-0.40,-9.83,3
2308384,-0.12,0.14,-0.33,-9.87,3
2308444,-1.19,0.13,-0.63,-9.77,3
2308504,-3.00,0.14,-1.06,-9.79,3
2308564,-5.38,0.20,-1.22,-9.86,3
2308624,-5.81,-0.03,-0.96,-9.81,3
2308684,-5.19,-0.01,-0.90,-9.37,3
2308744,-7.31,0.00,-0.73,-9.67,3
2308804,-5.69,0.03,-0.31,-10.34,3
2308864,-4.94,0.29,-0.55,-8.78,3
2308924,-2.00,-0.01,-0.60,-9.08,3
2308984,-2.94,0.23,-0.36,-10.78,3
2309044,-2.56,0.14,-0.64,-9.35,3
2309104,2.44,0.20,-0.16,-10.29,3
2309164,6.19,0.40,-0.39,-10.08,3
2309224,1.94,0.48,0.11,-10.15,3
2309284,3.50,0.44,-0.78,-9.71,3
2309344,2.88,0.09,-0.20,-10.20,3
2309404,4.19,0.11,-0.52,-10.02,3
2309464,5.50,0.64,-0.48,-10.27,3
2309524,4.69,0.23,-0.98,-10.00,3
2309584,0.56,-0.28,-1.29,-9.26,3
2309644,-1.06,0.44,0.13,-9.90,3
2309704,1.69,0.17,0.05,-8.89,3
2309764,2.63,-0.51,-0.28,-8.59,3
2309824,-1.69,0.43,0.14,-9.73,3
2309884,1.56,-0.52,-0.42,-9.57,3
2309944,-1.12,0.42,0.27,-9.47,3
2310004,-0.44,0.25,-0.36,-9.35,3
2310064,-16.75,1.63,0.06,-10.51,3
2310124,-22.50,0.05,-0.16,-9.87,3
2310184,-47.06,-0.16,0.19,-9.71,3
2310244,-59.44,0.07,-0.03,-9.96,3
2310304,-54.69,0.13,-0.05,-9.45,3
2310364,-55.13,0.07,0.27,-10.73,3
2310424,-56.63,0.11,0.37,-10.37,3
2310484,-58.44,-0.06,-0.07,-9.60,3
2310544,-58.38,0.25,0.13,-9.92,3
2310604,-55.81,0.21,0.35,-10.01,3
2310664,-60.19,-0.08,-0.09,-9.80,3
2310724,-63.19,0.18,-0.10,-9.78,3
2310784,-69.12,-0.24,-0.33,-9.89,3
2310844,-76.00,0.09,-0.32,-9.67,3
2310904,-78.50,0.05,-0.07,-9.94,3
2310964,-76.50,0.06,-0.31,-9.70,3
2311024,-70.50,0.22,-0.10,-9.86,3
2311084,-68.37,-0.11,-0.71,-9.27,3
2311144,-62.50,0.15,-0.60,-9.71,3
2311204,-61.25,0.31,-1.31,-9.64,3
2311264,-42.00,0.20,-0.73,-9.60,3
2311324,-33.63,-0.21,-0.49,-9.69,3
2311384,-33.38,0.12,0.63,-10.06,3
2311444,-26.75,-0.19,0.12,-9.13,3
2311504,-28.62,0.30,-0.03,-9.61,3
2311564,-26.37,-0.11,-0.61,-9.79,3
2311624,-33.94,-0.12,-1.00,-9.97,3
2311684,-35.31,0.00,-0.17,-10.13,3
2311744,-32.88,0.18,-0.33,-10.02,3
2311804,-35.06,0.12,-1.28,-8.86,3
2311864,-24.37,-0.73,-1.55,-9.86,3
2311924,-26.06,-0.08,0.52,-10.26,3
2311984,-26.06,0.23,0.10,-9.71,3
2312044,-26.50,-0.28,-0.31,-9.89,3
2312104,-26.06,0.13,0.02,-9.84,3
2312164,-37.94,0.38,0.12,-9.77,3
2312224,-40.06,-0.35,-1.05,-9.84,3
2312284,-33.13,0.42,-0.34,-9.95,3
2312344,-34.06,0.50,-0.34,-9.71,3
2312404,-39.44,0.00,-0.40,-9.73,3
2312464,-46.13,0.17,-1.58,-10.21,3
2312524,-44.75,-0.78,-0.24,-9.79,3
2312584,-47.50,-0.02,-0.50,-9.80,3
2312644,-48.88,-0.30,-0.42,-9.75,3
2312704,-47.38,-0.34,-0.26,-9.24,3
2312764,-53.00,-4.67,-0.30,-6.48,3
2312824,-43.88,2.65,0.06,-11.38,3
2312884,-52.06,0.09,-0.25,-10.03,3
2312944,-50.06,0.07,0.27,-10.02,3
2313004,-39.25,0.58,1.22,-9.46,3
2313064,-50.88,-0.75,-1.76,-8.17,3
2313124,-49.69,0.19,0.64,-9.72,3
2313184,-44.44,0.09,-0.02,-9.70,3
2313244,-42.19,0.23,-0.42,-9.90,3
2313304,-47.69,-0.19,-0.20,-9.70,3
2313364,-38.69,0.31,0.36,-9.75,3
2313424,-42.31,0.04,-1.08,-9.95,3
2313484,-42.44,0.05,-0.39,-10.16,3
2313544,-46.19,-0.63,-0.44,-9.19,3
2313604,-46.63,-0.27,-0.69,-9.87,3
2313664,-49.88,0.30,0.32,-9.85,3
2313724,-40.19,-0.08,0.20,-9.87,3
2313784,-35.13,0.09,0.15,-10.06,3
2313844,-29.94,0.00,-0.31,-9.72,3
2313904,-29.50,-0.24,0.19,-9.61,3
2313964,-31.75,0.00,-0.24,-9.74,3
2314024,-21.31,0.53,1.46,-9.81,3
2314084,-6.81,0.35,0.48,-9.90,3
2314144,4.50,0.29,0.40,-9.93,3
2314204,8.19,0.12,-0.17,-9.73,3
2314264,3.56,0.07,-1.23,-9.76,3
2314324,-3.00,0.23,-0.14,-9.77,3
2314384,-3.75,0.14,-0.70,-9.94,3
2314444,-12.06,0.08,-0.44,-9.83,3
2314504,-8.69,0.40,0.17,-9.88,3
2314564,-3.19,0.24,0.01,-9.80,3
2314624,-3.44,-0.05,-0.42,-9.73,3
2314684,-10.88,0.19,-0.98,-9.80,3
2314744,-16.12,0.00,-0.82,-9.82,3
2314804,-20.75,0.66,0.09,-10.09,3
2314864,-17.31,-0.59,0.42,-10.15,3
2314924,-15.63,0.16,-1.04,-9.76,3
2314984,-9.63,0.13,-0.79,-9.91,3
2315044,-12.44,0.56,1.37,-10.85,3
2315104,0.06,-0.04,0.03,-11.26,3
2315164,-2.44,-0.20,-0.51,-9.49,3
2315224,-3.94,-0.04,-0.53,-9.83,3
2315284,-4.25,0.34,-0.49,-10.07,3
2315344,6.81,0.11,-0.89,-9.60,3
2315404,8.25,0.60,-0.97,-10.15,3
2315464,27.06,-2.09,-1.12,-10.31,3
2315524,7.75,0.39,0.71,-9.56,3
2315584,9.63,0.92,-0.11,-9.94,3
2315644,22.19,-0.17,0.24,-9.76,3
2315704,17.19,-0.15,-0.45,-9.14,3
2315764,12.13,0.46,-0.12,-10.03,3
2315824,0.00,0.26,-0.47,-9.95,3
2315884,-1.69,1.14,-1.57,-8.61,3
2315944,8.06,0.35,0.07,-10.16,3
2316004,6.69,0.59,0.10,-9.68,3
2316064,2.75,0.05,0.30,-10.22,3
2316124,-16.44,-0.09,-0.99,-10.19,3
2316184,-29.12,-0.27,-1.27,-10.14,3
2316244,-31.56,0.01,-0.47,-10.10,3
2316304,-26.06,0.46,0.24,-9.33,3
2316364,-23.62,0.39,0.83,-10.23,3
2316424,-23.69,-0.34,-0.20,-10.03,3
2316484,-23.56,-0.03,-0.07,-10.60,3
2316544,-24.62,0.21,-0.37,-9.49,3
2316604,-24.00,0.24,0.01,-9.51,3
2316664,-19.12,-0.25,-0.19,-10.23,3
2316724,-19.50,-0.23,-0.21,-9.88,3
2316784,-21.37,0.17,-0.17,-10.17,3
2316844,-21.37,-0.01,-0.23,-9.69,3
2316904,-20.56,0.39,-0.19,-9.82,3
2316964,-19.06,0.12,-0.30,-9.36,3
2317024,-21.19,0.02,-0.61,-9.59,3
2317084,-22.19,0.30,-0.46,-9.66,3
2317144,-20.69,-0.08,-0.02,-9.86,3
2317204,-21.69,0.37,0.11,-9.95,3
2317264,-26.50,-0.06,-0.37,-9.57,3
2317324,-36.56,0.12,-0.33,-9.68,3
2317384,-45.06,-0.08,0.11,-9.96,3
2317444,-43.13,-0.05,-0.50,-9.84,3
2317504,-44.56,0.24,-0.76,-9.79,3
2317564,-48.31,-0.36,-0.91,-9.28,3
2317624,-49.63,-0.06,-0.25,-9.62,3
2317684,-54.25,0.24,-0.24,-10.28,3
2317744,-58.19,-0.39,-0.19,-9.43,3
2317804,-62.06,0.09,-0.28,-9.90,3
2317864,-59.69,1.15,0.27,-10.43,3
2317924,-54.88,-0.45,-0.06,-9.92,3
2317984,-54.25,-0.28,-0.69,-10.09,3
2318044,-56.69,-0.31,-0.54,-9.51,3
2318104,-55.13,0.22,-0.12,-9.74,3
2318164,-51.50,0.21,-0.22,-9.77,3
2318224,-56.06,-0.35,-0.37,-9.39,3
2318284,-54.75,0.21,-0.10,-10.07,3
2318344,-47.94,0.10,0.10,-10.24,3
2318404,-42.13,-0.03,-0.22,-9.80,3
2318464,-30.56,0.31,0.35,-10.26,3
2318524,-26.75,0.48,0.25,-10.20,3
2318584,-22.69,0.59,0.12,-10.39,3
2318644,-22.62,-0.24,-0.30,-9.75,3
2318704,-23.12,-0.23,-0.26,-9.77,3
2318764,-24.12,1.73,-0.56,-10.02,3
2318824,-25.56,0.00,-0.12,-9.33,3
2318884,-24.06,0.49,0.14,-10.06,3
2318944,-24.94,0.17,0.23,-9.61,3
2319004,-19.81,0.49,0.07,-9.94,3
2319064,-20.56,0.58,-0.01,-9.38,3
2319124,-15.19,0.78,0.35,-9.63,3
2319184,-12.06,0.13,0.03,-10.03,3
2319244,-13.44,0.09,-0.66,-9.67,3
2319304,-13.19,-0.25,-0.26,-9.19,3
2319364,-21.81,0.69,0.23,-13.33,3
2319424,-8.75,0.04,-1.80,-9.53,3
2319484,-13.19,-0.32,-0.16,-9.90,3
2319544,-18.12,0.50,0.31,-10.09,3
2319604,-13.25,0.49,-0.15,-9.60,3
2319664,-7.19,-0.18,-0.53,-9.89,3
2319724,-8.69,0.49,1.07,-10.07,3
2319784,-0.94,0.14,-1.09,-9.85,3
2319844,-11.75,0.34,-0.33,-10.08,3
2319904,-8.81,0.04,-0.02,-10.00,3
2319964,-10.88,0.01,-0.68,-9.70,3
2320024,-22.69,0.07,0.41,-9.64,3
2320084,-14.38,0.42,-0.01,-9.87,3
2320144,-10.31,0.06,0.59,-9.83,3
2320204,-13.50,0.12,-0.74,-9.87,3
2320264,-23.50,-0.01,-0.09,-9.77,3
2320324,-24.31,0.26,-0.45,-9.87,3
2320384,-43.44,-0.05,-0.35,-9.72,3
2320444,-50.56,0.12,-0.67,-10.17,3
2320504,-59.81,0.15,-0.33,-9.95,3
2320564,-59.81,-0.32,-0.33,-9.65,3
2320624,-67.87,-0.30,-0.44,-9.59,3
2320684,-70.62,0.27,-0.17,-9.43,3
2320744,-78.81,0.12,0.22,-10.06,3
2320804,-75.81,0.61,0.12,-9.69,3
2320864,-67.37,0.18,-0.49,-9.82,3
2320924,-66.44,0.36,-0.17,-9.48,3
2320984,-59.81,0.57,0.00,-9.94,3
2321044,-58.63,0.36,-0.10,-9.97,3
2321104,-57.38,0.24,0.01,-9.87,3
2321164,-58.56,0.00,-0.33,-9.76,3
2321224,-61.19,0.00,-0.48,-9.67,3
2321284,-62.88,-0.09,-0.19,-10.00,3
2321344,-65.12,0.02,0.06,-10.16,3
2321404,-60.94,0.60,0.25,-9.78,3
2321464,-52.13,0.53,0.09,-9.47,3
2321524,-31.00,0.19,-0.14,-9.88,3
2321584,-14.81,0.34,-0.16,-9.83,3
2321644,4.69,0.30,-0.44,-9.90,3
2321704,7.56,0.24,-0.31,-9.83,3
2321764,5.06,0.11,-0.25,-9.81,3
2321824,0.81,0.13,-0.31,-9.81,3
2321884,-0.75,0.13,-0.30,-9.74,3
2321944,-1.12,0.03,-0.88,-9.62,3
2322004,-1.81,0.23,-0.33,-9.79,3
2322064,-3.13,0.14,-0.65,-9.84,3
2322124,-3.94,0.24,-0.51,-9.76,3
2322184,-4.94,0.18,0.17,-10.03,3
2322244,-3.50,0.16,-0.40,-9.53,3
2322304,-3.06,0.14,-0.29,-10.03,3
2322364,-3.19,0.21,-0.09,-9.93,3
2322424,-2.44,0.19,-0.57,-9.50,3
2322484,-2.63,-0.01,-0.45,-9.69,3
2322544,-0.50,-0.08,-0.41,-9.79,3
2322604,-0.50,0.26,-0.23,-9.47,3
2322664,-1.50,0.32,-0.21,-9.75,3
2322724,-3.19,0.10,-0.02,-9.60,3
2322784,1.50,-0.04,0.15,-10.00,3
2322844,2.00,0.08,0.02,-9.99,3
2322904,2.25,0.25,0.13,-9.81,3
2322964,5.88,0.28,0.63,-9.96,3
2323024,0.25,0.15,-0.28,-9.65,3
2323084,1.31,0.18,0.13,-9.75,3
2323144,0.19,0.15,-0.09,-9.91,3
2323204,-1.81,0.13,-0.19,-9.85,3
2323264,0.44,0.20,-0.24,-9.77,3
2323324,0.06,0.22,0.35,-9.78,3
2323384,-0.12,0.14,-0.23,-9.75,3
2323444,-0.06,0.15,-0.24,-9.89,3
2323504,-0.31,0.22,-0.28,-9.79,3
2323564,-0.12,0.14,-0.21,-9.77,3
2323624,-1.25,0.17,-0.33,-9.79,3
2323684,0.00,0.12,-0.22,-9.72,3
2323744,-0.06,0.17,-0.24,-9.90,3
2323804,-0.37,0.15,-0.25,-9.82,3
2323864,0.12,0.11,-0.24,-9.82,3
2323924,0.19,0.15,-0.24,-9.75,3
2323984,0.06,0.17,-0.25,-9.85,3
2324044,0.06,0.19,-0.32,-9.89,3
