54712,-0.28,-1.96,-9.66
54736,-0.14,-1.97,-9.61
54763,-0.17,-1.99,-9.66
54789,-0.21,-1.99,-9.65
54814,-0.16,-2.08,-9.85
54841,-0.17,-2.01,-9.61
54865,-0.28,-2.00,-9.66
54893,-0.28,-2.03,-9.60
54917,-0.35,-1.94,-9.62
54944,-0.14,-1.95,-9.69
54970,-0.06,-2.03,-9.66
54996,-0.20,-1.93,-9.62
55022,-0.34,-2.02,-9.56
55049,-0.22,-2.08,-9.72
55073,-0.48,-1.84,-9.66
55102,-0.04,-1.96,-9.69
55128,-0.11,-2.12,-9.59
55153,-0.37,-2.08,-9.68
55179,-0.32,-2.15,-9.63
55205,-0.10,-1.81,-9.72
55232,0.00,-1.83,-9.57
55256,-0.23,-2.02,-9.75
55282,-0.35,-2.12,-9.61
55307,-0.08,-1.84,-9.65
55334,0.00,-1.73,-9.60
55358,-0.08,-1.84,-9.67
55383,-0.17,-1.89,-9.67
55411,-0.19,-1.63,-9.66
55436,-0.04,-1.46,-9.61
55463,0.26,-0.96,-9.66
55488,0.39,-0.71,-9.54
55514,0.02,-0.85,-9.71
55537,-0.13,-0.65,-9.46
55565,-0.61,-1.25,-9.44
55590,-0.62,-1.28,-9.78
55615,-0.56,-1.11,-9.60
55643,-0.78,-1.07,-9.90
55666,-1.52,-1.33,-9.61
55694,-0.88,-1.13,-8.78
55717,-0.17,-0.57,-8.88
55746,-0.44,-0.75,-9.10
55770,-0.43,-0.64,-9.08
55797,0.11,-0.79,-9.64
55821,0.41,-1.08,-9.00
55847,-0.03,-1.21,-9.62
55871,0.07,-0.80,-9.83
55899,0.22,-1.02,-8.82
55921,0.11,-1.55,-9.66
55949,-0.06,-1.76,-7.91
55972,0.07,-1.34,-7.87
55999,-0.63,-2.02,-9.49
56024,-0.01,-2.33,-7.89
56052,-0.19,-1.31,-9.62
56076,0.06,-0.99,-8.77
56102,0.75,-0.94,-9.88
56125,-0.22,-1.71,-9.24
56154,-0.18,-2.29,-9.67
56177,-0.86,-1.79,-10.51
56207,-0.78,-1.46,-10.12
56231,0.93,-1.79,-7.32
56258,-0.61,-1.83,-11.06
56284,-0.19,-1.77,-10.85
56313,-1.19,-1.83,-10.36
56340,-0.05,-1.75,-8.02
56366,0.16,-1.92,-11.23
56392,-0.26,-1.76,-9.87
56417,-0.57,-1.29,-10.50
56445,0.60,-1.17,-9.52
56468,-0.55,-2.30,-7.90
56496,-0.33,-1.30,-8.77
56519,-0.56,-1.35,-8.64
56548,-1.25,-2.06,-8.74
56571,-0.20,-1.19,-8.25
56600,-0.45,-2.26,-10.47
56625,0.18,-2.06,-12.79
56653,1.06,-1.47,-10.53
56677,-0.72,-1.65,-11.05
56707,-0.60,-2.29,-9.36
56729,-0.70,-2.21,-10.84
56758,0.55,-1.53,-8.53
56781,-0.40,-1.01,-7.05
56809,0.55,-0.99,-10.15
56834,-1.09,-2.18,-12.97
56863,-0.69,-2.29,-8.70
56887,0.05,-1.67,-11.23
56915,1.16,-1.04,-5.77
56939,0.22,-1.71,-6.03
56965,-0.44,-1.04,-11.15
56991,1.23,-1.05,-8.84
57017,-1.81,-1.90,-14.55
57043,-0.48,-1.84,-11.19
57069,-0.83,-2.98,-11.27
57098,-0.27,-1.37,-8.81
57121,-0.81,-2.53,-13.37
57151,-0.74,-1.43,-11.15
57176,0.52,-2.62,-8.47
57203,-1.00,-2.31,-8.53
57227,0.27,-1.48,-10.26
57255,-0.10,-2.04,-8.64
57279,1.14,-1.07,-9.75
57307,0.20,-1.58,-7.68
57328,0.78,-2.36,-8.62
57356,0.41,-2.04,-9.60
57378,-0.83,-1.85,-11.46
57408,-0.32,-2.09,-8.70
57432,0.00,-2.56,-8.55
57458,-1.51,-3.81,-10.65
57484,0.62,-3.96,-7.23
57510,0.52,-3.25,-10.13
57535,0.86,-2.23,-8.95
57562,-0.04,-2.68,-8.80
57586,-0.56,-1.79,-11.13
57615,-0.25,-2.80,-11.04
57641,-0.54,-3.20,-10.98
57668,-1.08,-3.37,-10.48
57697,-0.68,-3.81,-10.26
57720,0.11,-3.11,-8.97
57748,1.01,-2.69,-9.93
57771,0.14,-3.37,-9.49
57798,-0.06,-2.42,-7.69
57822,-0.32,-3.29,-8.84
57849,-0.62,-3.06,-9.45
57873,-0.10,-2.92,-10.54
57903,-0.12,-2.78,-10.17
57927,-0.17,-2.85,-9.87
57957,-0.94,-2.86,-9.00
57979,0.51,-2.58,-7.71
58007,-0.42,-3.12,-9.66
58031,-0.50,-3.40,-9.08
58058,0.17,-3.27,-8.50
58082,-0.34,-3.29,-9.72
58109,-0.20,-3.30,-9.23
58133,-0.13,-4.04,-9.29
58162,-0.64,-3.80,-10.01
58187,0.11,-3.60,-9.56
58214,0.07,-3.25,-10.84
58238,-0.10,-3.07,-9.96
58266,0.08,-2.58,-9.72
58289,-0.29,-2.95,-9.63
58317,-0.30,-2.93,-9.22
58343,-0.23,-2.87,-9.74
58370,-0.15,-2.72,-9.78
58394,-0.21,-2.94,-9.67
58420,-0.23,-2.95,-9.60
58447,-0.21,-2.49,-9.69
58471,-0.05,-2.02,-9.63
58499,0.00,-1.79,-9.53
58522,-0.15,-1.69,-9.75
58550,-0.48,-2.20,-9.66
58574,-0.08,-2.27,-9.59
58601,-0.23,-2.11,-9.70
58627,-0.17,-2.11,-9.66
58653,-0.20,-1.98,-9.71
58679,-0.14,-2.00,-9.63
58705,-0.30,-2.10,-9.62
58731,-0.02,-2.01,-9.61
58758,-0.05,-1.89,-9.77
58784,-0.33,-2.32,-9.57
58810,-0.11,-2.25,-9.74
58836,-0.04,-2.07,-9.60
58861,-0.01,-1.83,-9.70
58886,0.02,-1.59,-9.58
58912,-0.29,-1.97,-9.74
58937,-0.29,-2.53,-9.59
58964,-0.16,-1.95,-9.66
58989,-0.04,-1.74,-9.63
59018,-0.16,-2.15,-9.70
59042,-0.31,-2.37,-9.61
59069,-0.22,-2.34,-9.63
59095,-0.03,-1.87,-9.65
59120,-0.16,-1.89,-9.68
59147,-0.15,-1.98,-9.60
59171,-0.27,-2.11,-9.72
59199,-0.12,-2.23,-9.60
59223,-0.10,-2.06,-9.61
