2618,0.00,-0.20,-1.74,-9.87
2648,-0.19,-0.16,-1.77,-9.85
2679,-0.31,-0.19,-1.75,-9.84
2710,-0.12,-0.26,-1.82,-9.81
2742,0.00,-0.32,-1.78,-9.83
2771,0.06,-0.12,-1.76,-9.86
2801,-0.12,-0.22,-1.76,-9.85
2833,-0.19,-0.27,-1.82,-9.87
2864,0.06,-0.15,-1.82,-9.86
2894,0.00,-0.19,-1.81,-9.88
2924,-0.31,-0.24,-1.78,-9.85
2956,-0.12,-0.20,-1.87,-9.90
2987,-0.56,-0.30,-1.75,-9.79
3018,-0.06,-0.07,-1.95,-9.82
3049,-0.12,-0.21,-1.83,-9.86
3080,-0.12,-0.21,-1.79,-9.83
3111,-0.06,-0.24,-1.81,-9.85
3142,-0.06,-0.23,-1.80,-9.90
3174,-0.06,-0.18,-1.80,-9.84
3206,-0.06,-0.11,-1.81,-9.83
3236,-0.06,-0.21,-1.77,-9.81
3267,0.00,-0.26,-1.82,-9.85
3298,-0.12,-0.24,-1.81,-9.83
3329,-0.19,-0.14,-1.79,-9.85
3360,-0.06,-0.15,-1.79,-9.84
3391,-0.12,-0.21,-1.85,-9.85
3423,-0.12,-0.28,-1.76,-9.80
3453,-0.12,-0.21,-1.79,-9.88
3485,-0.06,-0.19,-1.81,-9.83
3517,0.12,-0.22,-1.82,-9.84
3547,-0.12,-0.21,-1.77,-9.78
3577,-0.12,-0.26,-2.00,-9.86
3608,0.06,-0.33,-1.80,-9.77
3639,-0.12,-0.24,-1.85,-10.06
3672,-0.12,-0.27,-1.66,-9.84
3702,-0.12,-0.22,-1.76,-9.92
3733,-0.12,-0.22,-1.83,-9.84
3765,-0.19,-0.20,-1.87,-9.87
3795,-0.12,-0.21,-1.79,-9.84
3827,-0.06,-0.21,-1.79,-9.90
3859,0.00,-0.19,-1.82,-9.87
3889,-0.12,-0.19,-1.76,-9.83
3919,-0.25,-0.22,-1.79,-9.88
3951,-0.06,-0.22,-1.79,-9.83
3982,0.00,-0.17,-1.77,-9.83
4012,-0.19,-0.19,-1.82,-9.93
4043,0.00,-0.26,-1.78,-9.87
4074,-0.12,-0.25,-1.72,-9.88
4105,0.06,-0.15,-1.81,-9.84
4134,-0.12,-0.16,-1.80,-9.83
4166,-0.19,-0.27,-1.79,-9.84
4198,0.00,-0.23,-1.81,-9.87
4228,0.00,-0.20,-1.79,-9.85
4257,-0.06,-0.22,-1.79,-9.84
4289,-0.12,-0.22,-1.82,-9.81
4320,-0.06,-0.16,-1.78,-9.87
4352,-0.06,-0.19,-1.77,-9.85
4382,-0.06,-0.26,-1.84,-9.85
4414,-0.19,-0.23,-1.79,-9.86
4445,-0.06,-0.18,-1.75,-9.84
4476,-0.12,-0.18,-1.81,-9.82
4507,-0.06,-0.22,-1.77,-9.87
4539,-0.06,-0.22,-1.82,-9.89
4570,-0.12,-0.20,-1.79,-9.88
4601,0.00,-0.19,-1.82,-9.88
4632,-0.19,-0.22,-1.77,-9.85
4662,-0.06,-0.17,-1.79,-9.81
4692,-0.12,-0.17,-1.75,-9.84
4724,-0.06,-0.20,-1.81,-9.82
4756,-0.19,-0.26,-1.76,-9.86
4788,0.06,-0.16,-1.81,-9.87
4817,0.00,-0.19,-1.78,-9.83
4847,-0.06,-0.24,-1.79,-9.84
4879,-0.06,-0.23,-1.78,-9.84
4910,-0.12,-0.16,-1.79,-9.85
4941,-0.19,-0.21,-1.78,-9.88
4972,0.00,-0.27,-1.78,-9.84
5002,-0.06,-0.15,-1.80,-9.82
5033,-0.06,-0.17,-1.80,-9.80
5065,0.00,-0.25,-1.79,-9.86
5095,0.00,-0.25,-1.81,-9.84
5125,-0.06,-0.17,-1.79,-9.85
5156,-0.12,-0.16,-1.78,-9.81
5187,-0.06,-0.24,-1.80,-9.80
5219,-0.06,-0.19,-1.76,-9.85
5250,-0.12,-0.22,-1.80,-9.87
5281,-0.12,-0.25,-1.81,-9.83
5312,-0.06,-0.17,-1.76,-9.83
5344,-0.19,-0.14,-1.79,-9.81
5374,-0.06,-0.17,-1.79,-9.85
5406,0.00,-0.31,-1.77,-9.87
5436,-0.12,-0.24,-1.80,-9.85
5468,-0.19,-0.14,-1.79,-9.85
5498,0.00,-0.16,-1.79,-9.83
5529,-0.12,-0.22,-1.78,-9.83
5560,-0.06,-0.21,-1.81,-9.84
5591,-0.19,-0.22,-1.80,-9.82
5622,-0.19,-0.22,-1.78,-9.86
5653,0.00,-0.20,-1.78,-9.83
5684,0.00,-0.17,-1.77,-9.84
5713,-0.12,-0.20,-1.80,-9.86
5745,-0.12,-0.24,-1.81,-9.86
5776,0.00,-0.22,-1.77,-9.84
5807,0.00,-0.18,-1.76,-9.85
5836,-0.06,-0.18,-1.76,-9.83
5868,0.00,-0.19,-1.77,-9.83
5898,0.00,-0.22,-1.79,-9.88
5927,-0.25,-0.22,-1.80,-9.85
5959,-0.06,-0.18,-1.79,-9.81
5990,-0.06,-0.20,-1.76,-9.88
6022,-0.12,-0.19,-1.78,-9.84
6052,-0.12,-0.21,-1.79,-9.83
6084,-0.12,-0.17,-1.80,-9.83
6115,0.06,-0.20,-1.78,-9.85
6145,0.06,-0.22,-1.78,-9.82
6175,0.00,-0.21,-1.80,-9.86
6205,0.00,-0.22,-1.80,-9.89
6236,0.00,-0.17,-1.78,-9.82
6265,-0.12,-0.19,-1.77,-9.86
6297,0.00,-0.21,-1.78,-9.84
6327,-0.06,-0.24,-1.77,-9.86
6359,-0.06,-0.20,-1.80,-9.85
6389,-0.12,-0.22,-1.79,-9.83
6421,0.00,-0.21,-1.76,-9.85
6451,-0.06,-0.20,-1.79,-9.81
6482,-0.12,-0.21,-1.80,-9.82
6513,-0.06,-0.21,-1.79,-9.84
6545,0.00,-0.22,-1.80,-9.83
6576,-0.06,-0.18,-1.77,-9.84
6605,-0.12,-0.19,-1.75,-9.86
6637,-0.06,-0.21,-1.78,-9.84
6668,-0.06,-0.20,-1.80,-9.85
6700,-0.12,-0.23,-1.78,-9.82
6731,-0.12,-0.21,-1.79,-9.83
6762,-0.06,-0.20,-1.81,-9.84
6793,-0.06,-0.19,-1.76,-9.87
6824,0.00,-0.20,-1.78,-9.83
6854,-0.06,-0.22,-1.80,-9.85
6886,-0.06,-0.20,-1.78,-9.83
6917,0.00,-0.21,-1.79,-9.82
6946,-0.06,-0.18,-1.80,-9.85
6978,0.00,-0.22,-1.80,-9.82
7009,-0.25,-0.21,-1.79,-9.86
7040,0.00,-0.18,-1.78,-9.83
7069,-0.12,-0.23,-1.78,-9.85
7101,-0.12,-0.21,-1.82,-9.83
7133,-0.25,-0.23,-1.77,-9.83
7163,-0.12,-0.18,-1.80,-9.85
7194,0.00,-0.22,-1.79,-9.88
7225,0.00,-0.22,-1.81,-9.89
7255,-0.06,-0.19,-1.82,-9.86
7286,-0.12,-0.19,-1.79,-9.85
7317,0.00,-0.28,-1.77,-9.86
7348,-0.19,-0.21,-1.79,-9.86
7378,-0.06,-0.12,-1.84,-9.84
7409,-0.12,-0.24,-1.74,-9.83
7441,0.00,-0.26,-1.86,-9.86
7472,0.00,-0.17,-1.75,-9.81
7501,-0.12,-0.14,-1.82,-9.82
7532,-0.06,-0.24,-1.80,-9.82
7564,0.00,-0.22,-1.78,-9.83
7593,0.00,-0.18,-1.79,-9.87
7624,-0.12,-0.18,-1.80,-9.82
7655,-0.06,-0.22,-1.75,-9.87
7687,0.06,-0.22,-1.80,-9.84
7716,-0.12,-0.18,-1.81,-9.83
7747,0.00,-0.21,-1.78,-9.83
7778,-0.06,-0.22,-1.81,-9.83
7810,-0.06,-0.24,-1.78,-9.85
7840,-0.06,-0.21,-1.80,-9.87
7871,-0.06,-0.18,-1.76,-9.83
7903,0.06,-0.17,-1.81,-9.83
7933,-0.12,-0.19,-1.79,-9.81
7964,-0.06,-0.20,-1.76,-9.85
7995,-0.19,-0.21,-1.79,-9.87
8027,-0.06,-0.24,-1.79,-9.88
8058,-0.06,-0.20,-1.77,-9.84
8089,-0.06,-0.18,-1.80,-9.82
8120,-0.12,-0.19,-1.78,-9.83
8152,0.00,-0.22,-1.79,-9.86
8181,0.06,-0.23,-1.82,-9.82
8212,-0.06,-0.22,-1.79,-9.83
8243,0.00,-0.18,-1.77,-9.85
8272,-0.06,-0.22,-1.77,-9.85
8304,0.00,-0.21,-1.77,-9.83
8335,-0.06,-0.19,-1.82,-9.84
8366,-0.06,-0.22,-1.79,-9.84
8397,-0.06,-0.22,-1.79,-9.83
8428,0.00,-0.18,-1.81,-9.84
8459,0.00,-0.16,-1.79,-9.84
8488,-0.19,-0.25,-1.79,-9.87
8519,-0.06,-0.22,-1.82,-9.85
8551,-0.06,-0.16,-1.78,-9.83
8582,-0.06,-0.21,-1.76,-9.85
8613,0.12,-0.24,-1.79,-9.86
8644,-0.06,-0.21,-1.78,-9.82
8675,-0.12,-0.18,-1.77,-9.86
8706,-0.06,-0.22,-1.81,-9.87
8737,-0.25,-0.22,-1.77,-9.87
8768,-0.06,-0.19,-1.81,-9.85
8800,-0.06,-0.16,-1.80,-9.84
8830,-0.06,-0.21,-1.79,-9.85
8862,-0.12,-0.23,-1.77,-9.84
8893,-0.06,-0.19,-1.80,-9.89
8924,-0.12,-0.19,-1.77,-9.83
8955,0.00,-0.20,-1.80,-9.81
8985,-0.06,-0.22,-1.78,-9.89
9016,-0.12,-0.22,-1.81,-9.84
9049,-0.06,-0.20,-1.79,-9.83
9079,-0.06,-0.21,-1.82,-9.83
9110,-0.12,-0.22,-1.77,-9.83
9142,0.00,-0.20,-1.81,-9.83
9171,0.00,-0.21,-1.81,-9.84
9202,-0.19,-0.20,-1.77,-9.84
9233,-0.06,-0.23,-1.78,-9.82
9265,-0.12,-0.21,-1.78,-9.82
9295,0.00,-0.21,-1.78,-9.83
9325,-0.12,-0.21,-1.81,-9.84
9357,-0.12,-0.22,-1.80,-9.82
9388,-0.06,-0.21,-1.79,-9.84
9419,-0.12,-0.21,-1.81,-9.85
9450,-0.12,-0.19,-1.78,-9.88
9482,0.00,-0.22,-1.80,-9.86
9511,-0.06,-0.19,-1.80,-9.84
9543,-0.12,-0.19,-1.80,-9.84
9574,-0.12,-0.22,-1.78,-9.84
9606,0.00,-0.19,-1.79,-9.82
9635,-0.06,-0.20,-1.81,-9.85
9667,-0.06,-0.21,-1.79,-9.85
9698,-0.12,-0.22,-1.79,-9.82
9730,0.00,-0.22,-1.80,-9.84
9759,-0.12,-0.18,-1.80,-9.85
9790,-0.19,-0.18,-1.79,-9.83
9822,-0.12,-0.20,-1.81,-9.82
9852,0.00,-0.21,-1.78,-9.84
9883,0.00,-0.20,-1.78,-9.84
9913,0.00,-0.21,-1.78,-9.84
9944,-0.06,-0.20,-1.79,-9.84
9974,0.00,-0.21,-1.78,-9.85
10004,-0.06,-0.18,-1.81,-9.86
10037,-0.19,-0.22,-1.78,-9.83
10070,0.00,-0.24,-1.79,-9.85
10100,-0.06,-0.20,-1.84,-9.81
10133,-0.12,-0.16,-1.78,-9.83
10165,0.00,-0.19,-1.78,-9.90
10195,-0.12,-0.22,-1.78,-9.78
10228,-0.12,-0.15,-1.79,-9.87
10260,-0.12,-0.21,-1.76,-9.86
10293,-0.19,-0.23,-1.81,-9.81
10324,-0.06,-0.19,-1.81,-9.83
10357,-0.12,-0.17,-1.81,-9.84
10390,-0.06,-0.22,-1.77,-9.81
10422,-0.06,-0.23,-1.80,-9.85
10454,-0.06,-0.19,-1.80,-9.85
10486,-0.12,-0.16,-1.81,-9.86
10518,-0.06,-0.24,-1.75,-9.82
10551,-0.12,-0.27,-1.82,-9.85
10583,-0.19,-0.19,-1.80,-9.81
10615,0.00,-0.11,-1.79,-9.85
10646,-0.12,-0.26,-1.80,-9.85
10679,-0.06,-0.28,-1.81,-9.83
10711,-0.06,-0.16,-1.77,-9.83
10742,-0.06,-0.12,-1.80,-9.84
10775,-0.12,-0.26,-1.76,-9.81
10808,-0.19,-0.20,-1.79,-9.83
10840,-0.06,-0.15,-1.81,-9.83
10871,-0.12,-0.22,-1.79,-9.83
10904,-0.06,-0.26,-1.79,-9.86
10937,-0.06,-0.16,-1.79,-9.86
10969,0.06,-0.20,-1.77,-9.85
10999,-0.06,-0.24,-1.78,-9.82
11032,0.00,-0.23,-1.80,-9.84
11063,-0.12,-0.15,-1.77,-9.86
11096,0.00,-0.18,-1.81,-9.80
11127,-0.12,-0.23,-1.81,-9.84
11159,0.00,-0.24,-1.78,-9.86
11190,-0.12,-0.15,-1.78,-9.82
11223,-0.12,-0.17,-1.81,-9.83
11255,-0.06,-0.24,-1.74,-9.89
11287,-0.06,-0.21,-1.80,-9.82
11320,-0.06,-0.19,-1.80,-9.85
11352,-0.06,-0.21,-1.77,-9.85
11383,-0.06,-0.21,-1.78,-9.86
11416,-0.12,-0.22,-1.78,-9.86
11449,0.00,-0.21,-1.79,-9.82
11480,-0.12,-0.22,-1.86,-9.84
11511,-0.06,-0.28,-1.71,-9.80
11544,-0.12,-0.16,-1.86,-9.86
11576,-0.06,-0.22,-1.76,-9.84
11609,0.00,-0.23,-1.71,-9.87
11639,-0.06,-0.21,-1.88,-9.85
11672,-0.12,-0.20,-1.74,-9.85
11704,0.00,-0.20,-1.76,-9.82
11736,-0.12,-0.21,-1.88,-9.87
11767,-0.12,-0.26,-1.72,-9.85
11800,0.00,-0.19,-1.78,-9.81
11831,-0.12,-0.22,-1.84,-9.91
11864,-0.12,-0.20,-1.76,-9.84
11895,0.00,-0.20,-1.77,-9.84
11927,0.00,-0.17,-1.81,-9.83
11958,-0.12,-0.21,-1.78,-9.81
11990,-0.12,-0.22,-1.77,-9.80
12022,0.06,-0.18,-1.80,-9.85
12053,-0.06,-0.19,-1.76,-9.82
12086,-0.12,-0.22,-1.78,-9.83
12118,-0.12,-0.22,-1.81,-9.85
12150,-0.06,-0.19,-1.81,-9.83
12182,-0.12,-0.22,-1.79,-9.83
12215,-0.06,-0.22,-1.80,-9.83
12247,-0.06,-0.18,-1.77,-9.83
12279,-0.06,-0.20,-1.81,-9.87
12311,-0.19,-0.20,-1.78,-9.87
12344,0.00,-0.22,-1.78,-9.85
12375,-0.12,-0.19,-1.80,-9.81
12407,-0.25,-0.14,-1.80,-9.87
12439,-0.06,-0.22,-1.80,-9.85
12472,-0.12,-0.22,-1.78,-9.85
12504,-0.06,-0.15,-1.79,-9.86
12535,-0.06,-0.20,-1.80,-9.84
12568,-0.06,-0.22,-1.79,-9.86
12601,0.00,-0.20,-1.79,-9.85
12632,-0.06,-0.21,-1.76,-9.82
12664,-0.06,-0.21,-1.80,-9.85
12696,-0.06,-0.22,-1.82,-9.83
12729,-0.06,-0.19,-1.78,-9.83
12761,-0.06,-0.19,-1.80,-9.87
12792,-0.12,-0.22,-1.79,-9.82
12825,-0.12,-0.21,-1.80,-9.84
12858,-0.06,-0.20,-1.79,-9.84
12890,0.00,-0.19,-1.77,-9.86
12920,0.00,-0.20,-1.81,-9.86
12952,-0.06,-0.19,-1.80,-9.84
12984,-0.12,-0.22,-1.78,-9.83
13017,0.00,-0.19,-1.77,-9.83
13048,-0.06,-0.19,-1.80,-9.84
13080,-0.12,-0.24,-1.79,-9.84
13112,-0.12,-0.22,-1.81,-9.83
13145,-0.06,-0.20,-1.79,-9.85
13176,-0.06,-0.22,-1.77,-9.84
13209,-0.06,-0.20,-1.80,-9.83
13241,-0.19,-0.22,-1.76,-9.87
13274,0.00,-0.22,-1.79,-9.83
13304,-0.12,-0.19,-1.78,-9.87
13336,0.06,-0.20,-1.79,-9.80
13369,-0.12,-0.21,-1.79,-9.85
13401,-0.06,-0.21,-1.78,-9.86
13432,0.12,-0.19,-1.79,-9.84
13463,-0.06,-0.20,-1.80,-9.83
13497,-0.12,-0.20,-1.80,-9.84
13528,-0.12,-0.20,-1.78,-9.83
13560,0.00,-0.22,-1.79,-9.86
13591,-0.12,-0.21,-1.79,-9.85
13624,-0.06,-0.20,-1.79,-9.84
13656,-0.06,-0.20,-1.79,-9.81
13688,0.00,-0.21,-1.78,-9.84
13720,-0.12,-0.21,-1.80,-9.84
13752,-0.12,-0.18,-1.81,-9.83
13784,-0.06,-0.19,-1.78,-9.84
13816,-0.06,-0.20,-1.79,-9.83
13848,-0.06,-0.20,-1.78,-9.85
13881,-0.12,-0.22,-1.79,-9.85
13913,-0.06,-0.19,-1.80,-9.84
13945,-0.06,-0.20,-1.77,-9.84
13977,-0.12,-0.20,-1.80,-9.88
14010,-0.12,-0.20,-1.79,-9.85
14042,-0.12,-0.22,-1.79,-9.85
14074,0.00,-0.22,-1.78,-9.84
14105,-0.12,-0.20,-1.80,-9.84
14138,-0.06,-0.21,-1.80,-9.86
14170,-0.06,-0.21,-1.80,-9.83
14202,-0.06,-0.21,-1.80,-9.84
14234,0.00,-0.22,-1.78,-9.85
14266,-0.19,-0.19,-1.79,-9.83
14298,-0.06,-0.21,-1.78,-9.83
14330,-0.06,-0.21,-1.80,-9.83
14362,-0.06,-0.17,-1.80,-9.85
14394,-0.06,-0.20,-1.77,-9.84
14427,-0.12,-0.21,-1.80,-9.83
14458,-0.12,-0.21,-1.82,-9.83
14491,-0.19,-0.22,-1.78,-9.83
14523,-0.12,-0.21,-1.77,-9.85
14556,0.06,-0.21,-1.76,-9.85
14586,-0.06,-0.21,-1.78,-9.81
14619,-0.06,-0.22,-1.79,-9.83
14651,-0.12,-0.20,-1.79,-9.84
14684,-0.06,-0.21,-1.79,-9.85
14716,-0.06,-0.19,-1.78,-9.84
14748,-0.06,-0.21,-1.79,-9.85
14780,-0.12,-0.18,-1.81,-9.83
14813,-0.12,-0.21,-1.76,-9.84
14844,-0.12,-0.22,-1.76,-9.85
14877,-0.12,-0.18,-1.79,-9.81
14909,-0.12,-0.21,-1.78,-9.83
14942,-0.12,-0.22,-1.77,-9.87
14973,-0.12,-0.21,-1.79,-9.82
15006,-0.06,-0.20,-1.76,-9.85
15038,-0.06,-0.19,-1.81,-9.81
15071,0.06,-0.21,-1.80,-9.84
15101,-0.06,-0.20,-1.75,-10.56
15135,-0.19,-0.22,-2.06,-9.97
15167,0.00,-0.14,-1.83,-9.59
15198,-0.06,-0.22,-1.72,-9.90
15230,-0.06,-0.15,-1.81,-9.79
15262,-0.06,-0.14,-1.74,-9.69
15296,-0.12,-0.38,-1.85,-9.43
15328,-0.19,-0.30,-1.78,-10.07
15361,0.06,-0.13,-1.78,-9.98
15392,-0.06,-0.17,-1.91,-9.93
15424,0.00,-0.24,-1.75,-9.84
15456,0.00,-0.15,-1.75,-9.75
15486,-0.06,-0.13,-1.87,-9.92
15518,-0.25,-0.23,-1.73,-9.87
15551,0.00,-0.26,-1.79,-9.84
15582,0.00,-0.14,-1.81,-9.81
15613,-0.06,-0.21,-1.76,-9.83
15645,0.00,-0.23,-1.80,-9.84
15677,-0.06,-0.17,-1.82,-9.84
15710,0.06,-0.14,-1.76,-9.82
15740,-0.12,-0.18,-1.85,-9.86
15772,-0.19,-0.27,-1.80,-9.82
15805,-0.12,-0.20,-1.78,-9.80
15837,-0.06,-0.18,-1.80,-9.84
15868,-0.06,-0.19,-1.79,-9.83
15901,-0.06,-0.23,-1.79,-9.82
15934,-0.12,-0.20,-1.83,-9.89
15966,-0.06,-0.17,-1.80,-9.82
15998,-0.06,-0.18,-1.77,-9.85
16030,-0.12,-0.22,-1.82,-9.83
16063,-0.12,-0.22,-1.77,-9.84
16095,0.00,-0.22,-1.82,-9.85
16125,-0.12,-0.20,-1.79,-9.84
16158,-0.12,-0.18,-1.78,-9.83
16191,-0.12,-0.18,-1.80,-9.83
16223,-0.06,-0.16,-1.79,-9.86
16256,-0.06,-0.24,-1.79,-9.84
16287,-0.12,-0.19,-1.80,-9.85
16319,-0.06,-0.18,-1.78,-9.84
16352,0.00,-0.21,-1.79,-9.85
16384,-0.12,-0.22,-1.83,-9.83
16415,-0.12,-0.20,-1.80,-9.83
16447,0.00,-0.20,-1.79,-9.82
16479,0.00,-0.17,-1.81,-9.84
16509,-0.06,-0.18,-1.79,-9.85
16542,-0.19,-0.20,-1.80,-9.83
16575,-0.19,-0.21,-1.80,-9.85
16607,-0.06,-0.17,-1.77,-9.85
16638,-0.25,-0.18,-1.80,-9.86
16671,-0.06,-0.16,-1.81,-9.84
16703,-0.19,-0.21,-1.77,-9.86
16736,-0.06,-0.21,-1.78,-9.81
16768,-0.06,-0.20,-1.79,-9.86
16800,-0.12,-0.18,-1.81,-9.85
16832,-0.06,-0.20,-1.81,-9.87
16865,-0.12,-0.22,-1.81,-9.83
16898,-0.12,-0.20,-1.76,-9.84
16929,0.00,-0.17,-1.82,-9.85
16960,-0.12,-0.18,-1.80,-9.81
16993,0.00,-0.22,-1.81,-9.83
17024,-0.06,-0.20,-1.79,-9.84
17055,0.00,-0.21,-1.80,-9.84
17087,0.00,-0.18,-1.81,-9.88
17119,-0.06,-0.20,-1.79,-9.84
17150,-0.06,-0.20,-1.80,-9.85
17182,-0.06,-0.23,-1.78,-9.83
17215,-0.12,-0.19,-1.79,-9.86
17248,-0.12,-0.19,-1.78,-9.82
17280,-0.06,-0.19,-1.82,-9.86
17312,-0.19,-0.21,-1.81,-9.87
17344,-0.12,-0.18,-1.81,-9.80
17377,-0.12,-0.19,-1.80,-9.85
17409,-0.12,-0.20,-1.81,-9.78
17440,0.00,-0.19,-1.77,-9.84
17472,0.00,-0.19,-1.82,-9.87
17503,-0.06,-0.21,-1.78,-9.85
17536,0.00,-0.19,-1.79,-9.84
17566,-0.25,-0.19,-1.80,-9.86
17599,-0.12,-0.20,-1.79,-9.82
17631,-0.06,-0.20,-1.77,-9.85
17664,-0.12,-0.20,-1.81,-9.84
17695,-0.12,-0.20,-1.79,-9.81
17728,0.06,-0.25,-1.76,-9.84
17759,-0.06,-0.21,-1.83,-9.78
17790,0.00,-0.18,-1.78,-9.85
17822,-0.06,-0.17,-1.79,-9.82
17855,-0.06,-0.22,-1.82,-9.82
17887,-0.12,-0.23,-1.74,-9.79
17920,-0.12,-0.19,-1.78,-9.85
17951,-0.06,-0.19,-1.82,-9.83
17984,-0.12,-0.19,-1.78,-9.88
18016,-0.19,-0.19,-1.82,-9.88
18048,-0.06,-0.21,-1.79,-9.87
18080,0.00,-0.20,-1.76,-9.86
18111,-0.19,-0.19,-1.80,-9.81
18144,0.00,-0.19,-1.83,-9.88
18174,-0.06,-0.22,-1.80,-9.82
18207,-0.19,-0.23,-1.80,-9.82
18239,-0.06,-0.21,-1.77,-9.84
18272,-0.12,-0.19,-1.78,-9.86
18304,-0.12,-0.19,-1.81,-9.84
18336,-0.06,-0.20,-1.76,-9.84
18369,0.06,-0.18,-1.79,-9.83
18400,-0.06,-0.21,-1.80,-9.84
18432,-0.12,-0.20,-1.78,-9.83
18464,0.00,-0.16,-1.82,-9.88
18495,0.00,-0.17,-1.79,-9.82
18527,0.00,-0.18,-1.79,-9.88
18557,-0.19,-0.21,-1.81,-9.85
18590,-0.12,-0.21,-1.81,-9.86
18622,-0.06,-0.22,-1.81,-9.81
18655,-0.06,-0.16,-1.78,-9.87
18686,-0.12,-0.19,-1.80,-9.87
18719,-0.12,-0.20,-1.80,-9.85
18751,-0.06,-0.19,-1.80,-9.86
18784,-0.19,-0.19,-1.79,-9.81
18816,-0.12,-0.23,-1.75,-9.83
18848,-0.06,-0.21,-1.79,-9.84
18880,0.00,-0.17,-1.80,-9.82
18912,-0.19,-0.23,-1.75,-9.85
18944,-0.06,-0.21,-1.79,-9.83
18976,-0.12,-0.20,-1.81,-9.85
19008,0.00,-0.15,-1.78,-9.81
19040,0.00,-0.20,-1.79,-9.85
19070,-0.12,-0.22,-1.79,-9.81
19102,0.06,-0.22,-1.76,-9.81
19134,-0.12,-0.18,-1.78,-9.82
19166,0.00,-0.16,-1.80,-9.84
19197,0.00,-0.24,-1.79,-9.87
19228,-0.12,-0.23,-1.80,-9.83
19261,-0.12,-0.18,-1.79,-9.85
19293,-0.12,-0.17,-1.81,-9.82
19325,-0.06,-0.22,-1.80,-9.82
19357,-0.06,-0.22,-1.80,-9.86
19389,-0.12,-0.23,-1.81,-9.92
19423,0.00,-0.20,-1.81,-9.85
19453,-0.12,-0.19,-1.77,-9.86
19485,-0.12,-0.15,-1.79,-9.82
19517,0.06,-0.19,-1.80,-9.86
19549,0.00,-0.21,-1.74,-9.85
19579,-0.19,-0.19,-1.82,-9.84
19612,-0.12,-0.23,-1.81,-9.87
19644,-0.12,-0.22,-1.81,-9.85
19677,0.00,-0.20,-1.79,-9.84
19707,-0.06,-0.16,-1.78,-9.87
19740,-0.06,-0.19,-1.78,-9.84
19772,-0.12,-0.21,-1.80,-9.83
19805,-0.19,-0.19,-1.82,-9.88
19837,0.06,-0.26,-1.79,-9.82
19868,-0.06,-0.21,-1.81,-9.84
19900,-0.12,-0.17,-1.76,-9.84
19933,-0.06,-0.14,-1.79,-9.87
19964,0.00,-0.20,-1.81,-9.81
19996,0.00,-0.25,-1.80,-9.82
20027,-0.06,-0.16,-1.82,-9.88
20060,0.00,-0.21,-1.77,-9.87
20090,0.06,-0.24,-1.83,-9.82
20122,-0.06,-0.20,-1.80,-9.85
20154,-0.12,-0.17,-1.78,-9.81
20187,-0.12,-0.21,-1.80,-9.82
20218,-0.19,-0.23,-1.79,-9.85
20250,0.00,-0.17,-1.78,-9.84
20282,-0.12,-0.16,-1.82,-9.81
20315,-0.06,-0.26,-1.82,-9.85
20346,-0.06,-0.24,-1.80,-9.90
20379,0.00,-0.14,-1.80,-9.82
20410,0.00,-0.18,-1.80,-9.82
20442,0.06,-0.22,-1.79,-9.84
20472,-0.12,-0.20,-1.78,-9.81
20505,-0.12,-0.16,-1.81,-9.83
20537,0.00,-0.16,-1.84,-9.87
20568,-0.06,-0.27,-1.77,-9.88
20600,-0.06,-0.23,-1.81,-9.81
20632,-0.12,-0.15,-1.82,-9.83
20665,0.00,-0.14,-1.79,-9.82
20697,0.06,-0.21,-1.81,-9.83
20727,-0.06,-0.25,-1.76,-9.86
20759,-0.06,-0.20,-1.79,-9.83
20791,-0.06,-0.15,-1.81,-9.83
20824,-0.12,-0.26,-1.80,-9.86
20856,-0.19,-0.20,-1.79,-9.86
20888,0.00,-0.16,-1.79,-9.85
20919,-0.06,-0.19,-1.78,-9.84
20952,-0.06,-0.23,-1.79,-9.84
20984,0.06,-0.16,-1.78,-9.81
21015,-0.12,-0.14,-1.83,-9.84
21048,-0.12,-0.31,-1.77,-9.79
21080,-0.06,-0.26,-1.81,-9.83
21111,-0.06,-0.15,-1.80,-9.85
21144,0.00,-0.14,-1.76,-9.83
21176,-0.06,-0.20,-1.79,-9.84
21208,-0.19,-0.25,-1.80,-9.81
21239,-0.12,-0.16,-1.82,-9.82
21272,0.00,-0.22,-1.81,-9.90
21304,-0.06,-0.30,-1.79,-9.82
21336,-0.12,-0.19,-1.80,-9.83
21368,0.00,-0.13,-1.79,-9.85
21399,-0.19,-0.17,-1.81,-9.81
21431,-0.12,-0.25,-1.80,-9.86
21464,0.06,-0.17,-1.78,-9.82
21494,-0.12,-0.19,-1.77,-9.84
21527,-0.06,-0.24,-1.79,-9.85
21559,-0.06,-0.20,-1.83,-9.83
21592,-0.12,-0.13,-1.80,-9.79
21623,-0.12,-0.18,-1.79,-9.86
21655,-0.06,-0.25,-1.82,-9.85
21689,-0.12,-0.20,-1.82,-9.86
21721,-0.06,-0.17,-1.76,-9.83
21752,-0.12,-0.29,-1.81,-9.85
21785,-0.06,-0.24,-1.78,-9.83
21817,-0.06,-0.14,-1.78,-9.86
21849,-0.06,-0.16,-1.80,-9.84
21881,-0.12,-0.25,-1.78,-9.82
21913,-0.12,-0.21,-1.81,-9.84
21946,-0.12,-0.15,-1.80,-9.79
21979,0.00,-0.24,-1.78,-9.82
22009,0.06,-0.28,-1.81,-9.87
22040,-0.12,-0.17,-1.80,-9.87
22073,-0.19,-0.13,-1.78,-9.85
22106,0.00,-0.23,-1.81,-9.83
22136,0.00,-0.22,-1.78,-9.86
22167,-0.12,-0.16,-1.78,-9.84
22200,-0.19,-0.17,-1.82,-9.83
22232,-0.06,-0.23,-1.81,-9.83
22264,0.00,-0.19,-1.79,-9.84
22295,0.06,-0.13,-1.82,-9.87
22327,-0.19,-0.22,-1.79,-9.86
22359,-0.06,-0.17,-1.79,-9.83
22391,-0.06,-0.20,-1.77,-9.82
22423,0.06,-0.25,-1.81,-9.84
22455,-0.12,-0.20,-1.79,-9.86
22488,-0.12,-0.16,-1.78,-9.84
22519,-0.06,-0.17,-1.82,-9.85
22551,-0.19,-0.22,-1.78,-9.81
22584,0.06,-0.19,-1.82,-9.83
22615,-0.12,-0.18,-1.79,-9.82
22646,0.00,-0.28,-1.79,-9.84
22678,0.06,-0.21,-1.81,-9.86
22709,-0.19,-0.11,-1.82,-9.85
22742,-0.12,-0.20,-1.76,-9.83
22774,0.00,-0.21,-1.78,-9.80
22805,-0.06,-0.18,-1.82,-9.86
22837,-0.06,-0.21,-1.79,-9.87
22870,-0.06,-0.25,-1.79,-9.86
22902,-0.06,-0.22,-1.80,-9.82
22934,-0.06,-0.15,-1.79,-9.80
22966,-0.06,-0.19,-1.80,-9.82
22999,-0.12,-0.26,-1.81,-9.82
23030,-0.06,-0.21,-1.78,-9.85
23063,-0.06,-0.19,-1.75,-9.84
23095,-0.12,-0.21,-1.82,-9.87
23128,-0.12,-0.22,-1.78,-9.87
23159,0.00,-0.17,-1.80,-9.83
23191,-0.06,-0.18,-1.80,-9.84
23223,-0.06,-0.22,-1.79,-9.82
23256,0.00,-0.20,-1.79,-9.81
23286,0.00,-0.22,-1.79,-9.86
23317,-0.06,-0.21,-1.80,-9.83
23350,-0.12,-0.18,-1.79,-9.82
23383,-0.12,-0.18,-1.76,-9.86
23414,-0.12,-0.20,-1.80,-9.85
23447,0.00,-0.16,-1.80,-9.83
23478,-0.06,-0.19,-1.81,-9.81
23511,0.00,-0.26,-1.80,-9.82
23541,-0.12,-0.22,-1.81,-9.84
23573,0.00,-0.14,-1.80,-9.83
23605,0.00,-0.19,-1.77,-9.84
23635,-0.12,-0.21,-1.80,-9.83
23668,-0.06,-0.20,-1.80,-9.86
23701,0.00,-0.20,-1.81,-9.86
23732,-0.06,-0.23,-1.77,-9.84
23763,-0.12,-0.26,-1.83,-9.86
23796,0.00,-0.15,-1.80,-9.83
23828,-0.06,-0.17,-1.76,-9.87
23860,0.06,-0.22,-1.79,-9.85
23890,0.00,-0.21,-1.79,-9.84
23922,0.00,-0.20,-1.77,-9.85
23953,0.00,-0.23,-1.82,-9.83
23985,-0.06,-0.19,-1.80,-9.84
24016,-0.12,-0.15,-1.77,-9.86
24049,-0.06,-0.18,-1.77,-9.84
24081,-0.12,-0.20,-1.81,-9.84
24113,-0.06,-0.21,-1.77,-9.82
24145,0.00,-0.23,-1.78,-9.85
24177,0.00,-0.26,-1.81,-9.83
24208,-0.06,-0.18,-1.79,-9.81
24241,-0.06,-0.16,-1.79,-9.83
24272,-0.12,-0.18,-1.81,-9.87
24305,-0.19,-0.23,-1.78,-9.85
24337,0.00,-0.20,-1.79,-9.85
24369,-0.06,-0.22,-1.81,-9.83
24400,-0.06,-0.23,-1.81,-9.86
24432,-0.06,-0.21,-1.77,-9.85
24465,-0.12,-0.15,-1.79,-9.85
24498,-0.06,-0.20,-1.78,-9.86
24529,0.06,-0.22,-1.80,-9.86
24561,-0.12,-0.19,-1.77,-9.81
24593,0.00,-0.17,-1.81,-9.84
24625,-0.12,-0.24,-1.79,-9.86
24656,-0.06,-0.20,-1.79,-9.85
24688,-0.12,-0.17,-1.80,-9.83
24721,0.00,-0.19,-1.77,-9.85
24752,-0.19,-0.18,-1.77,-9.80
24784,-0.06,-0.20,-1.81,-9.85
24816,-0.06,-0.20,-1.79,-9.82
24849,0.06,-0.21,-1.78,-9.82
24880,-0.06,-0.19,-1.81,-9.84
24912,-0.19,-0.20,-1.79,-9.83
24944,-0.06,-0.20,-1.77,-9.83
24977,-0.12,-0.20,-1.82,-9.84
25009,-0.12,-0.19,-1.78,-9.83
25040,0.06,-0.19,-1.79,-9.83
25072,-0.12,-0.20,-1.79,-9.85
25105,-0.12,-0.20,-1.78,-9.85
25137,-0.19,-0.21,-1.84,-9.85
25168,-0.12,-0.17,-1.79,-9.82
25201,-0.12,-0.20,-1.78,-9.85
25233,-0.12,-0.22,-1.82,-9.84
25266,-0.12,-0.23,-1.79,-9.82
25298,-0.12,-0.22,-1.77,-9.84
25330,0.00,-0.19,-1.78,-9.81
25361,0.00,-0.20,-1.79,-9.85
25393,-0.19,-0.19,-1.80,-9.86
25425,-0.19,-0.20,-1.80,-9.85
25457,-0.06,-0.23,-1.79,-9.84
25489,-0.12,-0.20,-1.77,-9.83
25522,-0.06,-0.19,-1.81,-9.87
25553,-0.12,-0.17,-1.79,-9.84
25586,-0.06,-0.21,-1.82,-9.85
25618,-0.06,-0.18,-1.80,-9.84
25651,0.00,-0.19,-1.77,-9.82
25681,0.00,-0.25,-1.82,-9.86
25713,-0.06,-0.18,-1.82,-9.85
25745,-0.12,-0.18,-1.76,-9.85
25778,-0.19,-0.22,-1.81,-9.84
25809,-0.19,-0.22,-1.80,-9.82
25842,-0.06,-0.20,-1.79,-9.84
25874,-0.06,-0.18,-1.79,-9.84
25907,0.00,-0.22,-1.79,-9.83
25937,0.00,-0.21,-1.79,-9.86
25968,-0.06,-0.17,-1.79,-9.84
26001,-0.06,-0.19,-1.78,-9.83
26033,-0.06,-0.24,-1.77,-9.85
26065,-0.06,-0.22,-1.81,-9.83
26097,0.00,-0.19,-1.80,-9.84
26129,-0.06,-0.23,-1.80,-9.87
26161,0.00,-0.20,-1.78,-9.81
26192,-0.19,-0.19,-1.80,-9.84
26224,-0.06,-0.19,-1.81,-9.84
26257,-0.19,-0.22,-1.79,-9.84
26289,0.06,-0.21,-1.82,-9.83
26320,-0.19,-0.19,-1.79,-9.85
26352,-0.12,-0.19,-1.80,-9.81
26385,-0.12,-0.20,-1.79,-9.82
26417,-0.12,-0.20,-1.79,-9.85
26449,-0.12,-0.20,-1.80,-9.85
26481,0.00,-0.20,-1.79,-9.83
26513,-0.06,-0.20,-1.83,-9.84
26545,-0.19,-0.21,-1.77,-9.84
26577,0.00,-0.22,-1.83,-9.87
26608,-0.06,-0.20,-1.79,-9.87
26641,-0.06,-0.23,-1.77,-9.85
26673,-0.25,-0.19,-1.78,-9.83
26705,-0.19,-0.21,-1.77,-9.84
26737,0.00,-0.19,-1.77,-9.82
26768,-0.06,-0.20,-1.81,-9.83
26801,-0.06,-0.22,-1.80,-9.85
26833,-0.06,-0.20,-1.80,-9.85
26865,-0.12,-0.19,-1.82,-9.82
26897,-0.25,-0.18,-1.80,-9.84
26930,-0.12,-0.22,-1.81,-9.85
26961,-0.12,-0.20,-1.79,-9.86
26994,0.00,-0.21,-1.77,-9.86
27025,-0.06,-0.19,-1.81,-9.86
27057,-0.12,-0.18,-1.79,-9.86
27089,-0.06,-0.20,-1.79,-9.83
27122,-0.12,-0.18,-1.80,-9.85
27154,-0.06,-0.21,-1.79,-9.87
27187,-0.19,-0.22,-1.79,-9.83
27218,-0.12,-0.19,-1.81,-9.85
27251,0.00,-0.21,-1.81,-9.80
27282,0.06,-0.19,-1.81,-9.85
27314,0.00,-0.19,-1.78,-9.86
27344,-0.06,-0.22,-1.80,-9.82
27376,0.00,-0.20,-1.80,-9.82
27408,-0.06,-0.21,-1.78,-9.84
27441,-0.06,-0.20,-1.81,-9.83
27472,-0.06,-0.16,-1.81,-9.83
27505,-0.12,-0.19,-1.77,-9.82
27537,-0.06,-0.21,-1.81,-9.84
27570,-0.12,-0.21,-1.79,-9.84
27601,-0.06,-0.16,-1.79,-9.87
27634,-0.06,-0.20,-1.78,-9.87
27666,0.00,-0.22,-1.78,-9.85
27697,-0.06,-0.20,-1.79,-9.84
27729,-0.06,-0.17,-1.79,-9.85
27762,-0.06,-0.19,-1.79,-9.84
27794,0.00,-0.23,-1.75,-9.77
27825,-0.12,-0.16,-1.84,-9.87
27857,-0.19,-0.15,-1.80,-9.85
27889,0.00,-0.21,-1.81,-9.77
27920,-0.06,-0.25,-1.80,-9.87
27953,0.00,-0.15,-1.78,-9.83
27984,-0.06,-0.19,-1.82,-9.86
28016,0.00,-0.21,-1.77,-9.82
28047,-0.19,-0.19,-1.79,-9.85
28080,-0.19,-0.17,-1.79,-9.81
28112,-0.19,-0.22,-1.79,-9.84
28144,0.00,-0.21,-1.82,-9.84
28176,0.00,-0.21,-1.80,-9.83
28207,0.00,-0.18,-1.79,-9.86
28238,0.00,-0.21,-1.80,-9.82
28269,-0.12,-0.23,-1.80,-9.85
28301,-0.06,-0.19,-1.81,-9.86
28334,-0.06,-0.17,-1.80,-9.84
28366,-0.12,-0.20,-1.79,-9.84
28398,0.00,-0.20,-1.81,-9.87
28430,-0.06,-0.21,-1.80,-9.83
28462,0.00,-0.21,-1.79,-9.82
28493,-0.19,-0.21,-1.79,-9.84
28525,-0.12,-0.19,-1.77,-9.83
28558,-0.06,-0.17,-1.81,-9.82
28590,0.00,-0.19,-1.78,-9.86
28620,-0.12,-0.21,-1.81,-9.86
28653,-0.12,-0.19,-1.81,-9.86
28685,0.00,-0.16,-1.79,-9.84
28717,-0.06,-0.21,-1.82,-9.84
28748,-0.06,-0.25,-1.79,-9.83
28780,0.06,-0.22,-1.82,-9.83
28812,-0.06,-0.17,-1.79,-9.80
28845,-0.25,-0.19,-1.78,-9.85
28876,0.06,-0.18,-1.77,-9.85
28908,0.00,-0.20,-1.80,-9.87
28939,-0.06,-0.18,-1.82,-9.84
28971,-0.12,-0.23,-1.79,-9.85
29003,0.00,-0.22,-1.80,-9.85
29035,-0.06,-0.19,-1.81,-9.84
29067,0.00,-0.19,-1.81,-9.81
29097,0.12,-0.23,-1.78,-9.83
29129,-0.06,-0.22,-1.80,-9.81
29162,-0.06,-0.18,-1.81,-9.83
29194,-0.12,-0.20,-1.80,-9.86
29225,-0.06,-0.22,-1.77,-9.86
29258,-0.12,-0.22,-1.80,-9.83
29291,-0.12,-0.20,-1.79,-9.87
29323,0.00,-0.20,-1.80,-9.84
29355,-0.19,-0.23,-1.82,-9.84
29386,0.12,-0.20,-1.78,-9.82
29417,-0.06,-0.20,-1.83,-9.85
29450,-0.19,-0.23,-1.79,-9.84
29481,-0.19,-0.22,-1.79,-9.87
29514,0.00,-0.19,-1.82,-9.86
29545,-0.06,-0.20,-1.76,-9.83
29578,0.00,-0.21,-1.80,-9.86
29609,-0.12,-0.20,-1.79,-9.83
29641,-0.06,-0.15,-1.81,-9.84
29674,-0.19,-0.21,-1.77,-9.84
29706,-0.19,-0.23,-1.80,-9.87
29737,-0.06,-0.22,-1.81,-9.87
29769,-0.06,-0.17,-1.79,-9.83
29802,0.00,-0.17,-1.81,-9.85
29834,-0.06,-0.22,-1.78,-9.85
29865,-0.06,-0.20,-1.75,-9.85
29898,-0.12,-0.18,-1.82,-9.84
29930,-0.06,-0.20,-1.80,-9.84
29963,0.00,-0.18,-1.78,-9.83
29993,-0.06,-0.19,-1.81,-9.84
30026,0.00,-0.20,-1.79,-9.82
30057,0.00,-0.20,-1.82,-9.83
30088,-0.06,-0.23,-1.79,-9.82
30120,-0.12,-0.21,-1.79,-9.85
30153,-0.12,-0.20,-1.79,-9.84
30185,-0.12,-0.16,-1.75,-9.84
30218,0.00,-0.22,-1.81,-9.84
30248,0.06,-0.23,-1.79,-9.83
30279,0.06,-0.21,-1.77,-9.86
30311,-0.06,-0.18,-1.81,-9.83
30343,0.00,-0.19,-1.79,-9.85
30373,0.00,-0.21,-1.81,-9.85
30405,-0.12,-0.19,-1.81,-9.87
30438,-0.25,-0.18,-1.78,-9.82
30470,-0.19,-0.20,-1.81,-9.88
30502,-0.12,-0.24,-1.80,-9.85
30534,-0.25,-0.22,-1.82,-9.82
30566,-0.06,-0.17,-1.78,-9.86
30599,0.12,-0.19,-1.79,-9.84
30629,-0.12,-0.22,-1.80,-9.85
30662,-0.06,-0.19,-1.79,-9.85
30695,-0.06,-0.20,-1.81,-9.84
30727,-0.12,-0.20,-1.79,-9.83
30758,-0.12,-0.20,-1.79,-9.85
30791,-0.19,-0.18,-1.81,-9.88
30823,-0.06,-0.20,-1.80,-9.82
30856,0.00,-0.19,-1.76,-9.86
30886,-0.06,-0.22,-1.77,-9.86
30919,-0.19,-0.21,-1.79,-9.87
30952,-0.06,-0.21,-1.81,-9.85
30984,-0.06,-0.22,-1.80,-9.83
31015,-0.06,-0.18,-1.78,-9.84
31047,0.00,-0.18,-1.77,-9.87
31079,-0.06,-0.17,-1.79,-9.84
31112,0.00,-0.23,-1.82,-9.83
31142,-0.12,-0.22,-1.82,-9.84
31175,-0.19,-0.22,-1.77,-9.82
31207,-0.12,-0.19,-1.79,-9.82
31240,-0.06,-0.19,-1.78,-9.85
31271,-0.06,-0.18,-1.80,-9.84
31304,-0.06,-0.21,-1.78,-9.83
31336,-0.06,-0.22,-1.76,-9.84
31368,-0.12,-0.21,-1.81,-9.85
31400,0.06,-0.20,-1.82,-9.87
31431,-0.19,-0.20,-1.80,-9.82
31464,-0.12,-0.19,-1.79,-9.87
31496,-0.06,-0.17,-1.80,-9.87
31528,-0.12,-0.19,-1.79,-9.87
31561,0.00,-0.17,-1.81,-9.84
31592,0.00,-0.20,-1.82,-9.86
31623,-0.12,-0.23,-1.79,-9.82
31655,-0.12,-0.22,-1.80,-9.85
31688,0.00,-0.16,-1.78,-9.87
31719,-0.19,-0.17,-1.79,-9.83
31751,-0.12,-0.20,-1.79,-9.83
31783,0.00,-0.18,-1.79,-9.85
31814,-0.06,-0.18,-1.78,-9.89
31847,-0.12,-0.25,-1.79,-9.84
31879,-0.06,-0.22,-1.80,-9.88
31911,0.00,-0.15,-1.81,-9.84
31942,-0.12,-0.18,-1.77,-9.85
31975,0.00,-0.22,-1.81,-9.81
32006,0.00,-0.18,-1.81,-9.87
32036,-0.06,-0.22,-1.76,-9.84
32069,-0.06,-0.21,-1.81,-9.84
32102,-0.06,-0.21,-1.77,-9.85
32134,-0.06,-0.18,-1.82,-9.85
32166,-0.06,-0.17,-1.81,-9.86
32198,-0.06,-0.25,-1.81,-9.91
32231,-0.06,-0.11,-1.82,-9.90
32263,0.00,-0.19,-1.79,-9.81
32293,-0.12,-0.20,-1.78,-9.83
32326,-0.12,-0.21,-1.77,-9.83
32359,-0.06,-0.18,-1.81,-9.81
32391,0.00,-0.19,-1.77,-9.82
32421,0.06,-0.19,-1.79,-9.82
32453,0.00,-0.21,-1.82,-9.87
32485,-0.06,-0.22,-1.79,-9.81
32517,-0.12,-0.17,-1.77,-9.84
32548,0.06,-0.20,-1.81,-9.85
32580,-0.19,-0.19,-1.77,-9.87
32612,-0.19,-0.19,-1.80,-9.82
32645,-0.06,-0.22,-1.78,-9.86
32676,0.06,-0.20,-1.77,-9.83
32708,0.00,-0.18,-1.81,-9.85
32739,-0.06,-0.22,-1.81,-9.83
32772,-0.19,-0.19,-1.78,-9.83
32803,0.00,-0.19,-1.79,-9.83
32834,-0.06,-0.18,-1.79,-9.80
32867,-0.12,-0.17,-1.81,-9.84
32899,-0.12,-0.21,-1.76,-9.85
32931,-0.06,-0.22,-1.81,-9.84
32963,-0.06,-0.16,-1.81,-9.83
32996,0.00,-0.22,-1.71,-9.89
33027,-0.12,-0.26,-1.79,-9.79
33059,-0.12,-0.19,-1.80,-9.89
33091,-0.06,-0.19,-1.78,-9.84
33124,-0.12,-0.24,-1.82,-9.84
33157,-0.06,-0.19,-1.79,-9.83
33188,-0.06,-0.15,-1.80,-9.82
33221,-0.12,-0.16,-1.79,-9.82
33253,-0.06,-0.20,-1.79,-9.83
33285,-0.06,-0.20,-1.80,-9.84
33317,0.00,-0.18,-1.79,-9.85
33349,-0.06,-0.23,-1.82,-9.83
33381,-0.06,-0.22,-1.79,-9.84
33413,-0.06,-0.20,-1.78,-9.83
33445,-0.06,-0.19,-1.81,-9.85
33477,-0.19,-0.19,-1.79,-9.86
33510,-0.06,-0.21,-1.78,-9.89
33542,0.00,-0.19,-1.80,-9.85
33573,-0.06,-0.20,-1.79,-9.84
33605,-0.12,-0.20,-1.77,-9.84
33638,-0.19,-0.19,-1.79,-9.85
33670,0.00,-0.19,-1.75,-9.86
33701,-0.12,-0.17,-1.79,-9.88
33733,-0.12,-0.20,-1.82,-9.86
33766,-0.06,-0.19,-1.77,-9.81
33799,-0.06,-0.19,-1.79,-9.82
33829,-0.19,-0.19,-1.79,-9.82
33862,-0.06,-0.20,-1.76,-9.85
33894,-0.19,-0.17,-1.80,-9.84
33927,-0.06,-0.21,-1.81,-9.86
33959,-0.12,-0.22,-1.79,-9.83
33991,-0.12,-0.18,-1.80,-9.81
34024,-0.06,-0.21,-1.80,-9.83
34056,-0.12,-0.22,-1.78,-9.84
34088,-0.06,-0.18,-1.81,-9.83
34120,-0.12,-0.19,-1.79,-9.84
34152,-0.06,-0.21,-1.79,-9.82
34185,-0.06,-0.22,-1.82,-9.83
34216,-0.06,-0.19,-1.78,-9.93
34249,-0.06,-0.20,-1.81,-9.88
34282,0.00,-0.18,-1.83,-9.84
34313,-0.12,-0.20,-1.76,-9.81
34344,-0.19,-0.18,-1.81,-9.82
34377,-0.06,-0.20,-1.81,-9.85
34410,-0.06,-0.21,-1.79,-9.86
34442,-0.12,-0.19,-1.79,-9.85
34473,0.00,-0.22,-1.80,-9.86
34504,-0.12,-0.22,-1.78,-9.87
34537,-0.12,-0.16,-1.82,-9.85
34570,0.06,-0.18,-1.79,-9.83
34600,-0.06,-0.19,-1.78,-9.83
34633,-0.06,-0.18,-1.80,-9.84
34665,-0.19,-0.19,-1.78,-9.85
34698,-0.12,-0.21,-1.79,-9.86
34729,-0.06,-0.22,-1.79,-9.86
34761,-0.06,-0.16,-1.77,-9.84
34794,-0.12,-0.20,-1.78,-9.84
34826,-0.06,-0.19,-1.81,-9.86
34859,-0.12,-0.19,-1.82,-9.84
34891,0.00,-0.20,-1.78,-9.84
34922,-0.19,-0.22,-1.80,-9.90
34955,-0.12,-0.19,-1.78,-9.79
34987,-0.06,-0.18,-1.78,-9.80
35018,-0.19,-0.21,-1.79,-9.84
35051,-0.06,-0.24,-1.81,-9.82
35083,-0.06,-0.20,-1.80,-9.86
35116,-0.06,-0.18,-1.80,-9.85
35147,-0.19,-0.21,-1.80,-9.88
35180,-0.06,-0.24,-1.80,-9.84
35212,-0.06,-0.19,-1.77,-9.85
35245,-0.06,-0.15,-1.80,-9.83
35276,-0.06,-0.22,-1.78,-9.82
35309,0.06,-0.25,-1.80,-9.85
35340,-0.12,-0.15,-1.80,-9.83
35373,-0.06,-0.19,-1.76,-9.88
35404,-0.12,-0.24,-1.78,-9.82
35437,-0.12,-0.20,-1.78,-9.86
35470,-0.12,-0.16,-1.79,-9.87
35501,0.00,-0.20,-1.80,-9.85
35532,-0.12,-0.21,-1.79,-9.87
35565,0.00,-0.21,-1.79,-9.85
35596,-0.12,-0.18,-1.79,-9.86
35628,0.06,-0.20,-1.79,-9.86
35659,-0.06,-0.22,-1.78,-9.86
35692,0.00,-0.21,-1.81,-9.85
35723,-0.06,-0.20,-1.81,-9.87
35755,0.00,-0.20,-1.77,-9.86
35786,-0.06,-0.21,-1.82,-9.83
35818,-0.19,-0.19,-1.79,-9.83
35851,-0.06,-0.19,-1.79,-9.86
35884,-0.12,-0.22,-1.79,-9.87
35915,-0.12,-0.23,-1.81,-9.82
35947,0.00,-0.19,-1.82,-9.82
35979,0.00,-0.21,-1.80,-9.86
36011,-0.12,-0.19,-1.78,-9.80
36042,0.06,-0.17,-1.79,-9.86
36073,-0.06,-0.18,-1.80,-9.83
36106,0.00,-0.22,-1.79,-9.84
36136,-0.06,-0.22,-1.80,-9.88
36169,0.00,-0.19,-1.81,-9.84
36200,-0.06,-0.22,-1.79,-9.84
36232,-0.06,-0.21,-1.78,-9.84
36264,0.06,-0.20,-1.82,-9.85
36295,-0.06,-0.21,-1.79,-9.84
36328,0.00,-0.22,-1.81,-9.82
36359,0.00,-0.21,-1.79,-9.85
36390,-0.19,-0.20,-1.77,-9.85
36422,-0.12,-0.19,-1.80,-9.83
36455,-0.12,-0.20,-1.80,-9.82
36488,-0.12,-0.21,-1.79,-9.86
36519,-0.12,-0.19,-1.79,-9.84
36551,-0.12,-0.20,-1.79,-9.84
36584,-0.06,-0.20,-1.81,-9.82
36616,-0.12,-0.20,-1.81,-9.82
36648,0.00,-0.20,-1.80,-9.83
36679,-0.06,-0.19,-1.79,-9.84
36712,-0.12,-0.20,-1.79,-9.85
36744,-0.06,-0.20,-1.79,-9.85
36776,-0.06,-0.22,-1.80,-9.82
36808,-0.06,-0.21,-1.78,-9.84
36841,0.00,-0.20,-1.80,-9.83
36873,0.00,-0.18,-1.78,-9.87
36903,-0.19,-0.21,-1.80,-9.84
36936,-0.12,-0.21,-1.78,-9.82
36968,0.00,-0.18,-1.81,-9.84
36999,-0.12,-0.20,-1.81,-9.83
37030,-0.12,-0.20,-1.81,-9.84
37063,-0.19,-0.21,-1.79,-9.85
37096,-0.19,-0.19,-1.79,-9.82
37128,0.00,-0.20,-1.77,-9.85
37158,-0.06,-0.19,-1.79,-9.82
37191,-0.06,-0.19,-1.78,-9.85
37224,-0.06,-0.19,-1.79,-9.84
37257,0.00,-0.20,-1.78,-9.83
37287,-0.06,-0.18,-1.79,-9.84
37319,-0.06,-0.21,-1.76,-9.84
37351,-0.19,-0.21,-1.80,-9.86
37384,0.00,-0.21,-1.79,-9.85
37414,-0.12,-0.19,-1.79,-9.87
37447,-0.06,-0.18,-1.82,-9.87
37479,-0.06,-0.20,-1.77,-9.86
37512,0.00,-0.19,-1.82,-9.84
37543,-0.12,-0.21,-1.79,-9.85
37575,0.06,-0.20,-1.79,-9.84
37606,-0.19,-0.21,-1.78,-9.84
37639,-0.06,-0.21,-1.79,-9.84
37670,-0.06,-0.18,-1.77,-9.85
37703,-0.12,-0.21,-1.78,-9.83
37735,-0.06,-0.22,-1.79,-9.83
37768,-0.06,-0.19,-1.79,-9.82
37799,0.06,-0.19,-1.80,-9.84
37831,-0.06,-0.19,-1.81,-9.86
37863,-0.12,-0.21,-1.80,-9.86
37896,-0.12,-0.19,-1.81,-9.83
37927,-0.12,-0.19,-1.81,-9.84
37960,0.00,-0.20,-1.79,-9.81
37991,-0.12,-0.21,-1.80,-9.84
38024,0.00,-0.18,-1.79,-9.85
38054,-0.19,-0.18,-1.80,-9.85
38087,-0.06,-0.20,-1.78,-9.87
38119,0.00,-0.22,-1.82,-9.86
38150,-0.12,-0.20,-1.77,-9.82
38182,0.00,-0.19,-1.76,-9.82
38213,0.12,-0.19,-1.80,-9.87
38245,-0.12,-0.20,-1.80,-9.86
38278,0.00,-0.20,-1.80,-9.85
38308,-0.06,-0.20,-1.82,-9.85
38340,-0.06,-0.23,-1.78,-9.83
38373,0.00,-0.18,-1.79,-9.81
38405,-0.06,-0.18,-1.82,-9.85
38436,0.06,-0.22,-1.82,-9.86
38467,-0.12,-0.21,-1.77,-9.86
38499,-0.06,-0.22,-1.79,-9.87
38532,-0.12,-0.20,-1.79,-9.86
38564,-0.12,-0.20,-1.80,-9.84
38596,-0.06,-0.20,-1.81,-9.86
38629,0.00,-0.20,-1.81,-9.83
38660,-0.12,-0.21,-1.78,-9.86
38692,-0.12,-0.20,-1.78,-9.87
38724,-0.12,-0.20,-1.81,-9.86
38756,0.00,-0.23,-1.78,-9.82
38788,-0.19,-0.18,-1.79,-9.85
38819,-0.06,-0.17,-1.79,-9.84
38852,0.00,-0.22,-1.80,-9.83
38884,-0.06,-0.21,-1.77,-9.84
38916,-0.06,-0.17,-1.78,-9.84
38947,-0.06,-0.22,-1.80,-9.87
38980,-0.06,-0.22,-1.80,-9.82
39012,0.00,-0.19,-1.80,-9.85
39044,-0.12,-0.17,-1.78,-9.84
39075,0.00,-0.22,-1.79,-9.83
39107,-0.06,-0.23,-1.77,-9.85
39139,-0.19,-0.16,-1.80,-9.83
39172,-0.06,-0.19,-1.79,-9.83
39203,-0.06,-0.22,-1.81,-9.83
39236,-0.06,-0.21,-1.80,-9.86
39268,0.00,-0.18,-1.80,-9.83
39300,-0.06,-0.19,-1.77,-9.77
39332,-0.06,-0.22,-1.79,-9.88
39364,-0.19,-0.23,-1.79,-9.85
39396,-0.19,-0.16,-1.79,-9.88
39429,0.00,-0.19,-1.80,-9.83
39459,-0.12,-0.22,-1.81,-9.83
39492,0.00,-0.20,-1.79,-9.82
39523,-0.12,-0.19,-1.79,-9.85
39555,0.00,-0.22,-1.80,-9.81
39586,0.00,-0.21,-1.79,-9.84
39618,-0.19,-0.21,-1.78,-9.81
39650,0.06,-0.21,-1.79,-9.85
39681,-0.06,-0.22,-1.80,-9.85
39713,-0.06,-0.21,-1.79,-9.84
39745,-0.06,-0.19,-1.81,-9.84
39778,-0.12,-0.18,-1.81,-9.86
39811,-0.06,-0.22,-1.78,-9.84
39842,-0.06,-0.19,-1.82,-9.82
39875,-0.19,-0.18,-1.79,-9.83
39907,0.06,-0.22,-1.81,-9.86
39939,-0.06,-0.19,-1.82,-9.83
39970,-0.06,-0.19,-1.78,-9.87
40002,0.00,-0.20,-1.79,-9.86
40034,-0.06,-0.22,-1.80,-9.84
40066,-0.12,-0.18,-1.77,-9.84
40098,-0.12,-0.18,-1.79,-9.84
40130,0.06,-0.18,-1.79,-9.85
40162,-0.19,-0.18,-1.76,-9.86
40194,0.00,-0.18,-1.81,-9.83
40225,-0.06,-0.24,-1.79,-9.81
40257,-0.06,-0.21,-1.83,-9.85
40290,0.00,-0.17,-1.80,-9.81
40321,0.00,-0.19,-1.82,-9.87
40352,-0.06,-0.21,-1.79,-9.88
40384,-0.06,-0.20,-1.78,-9.88
40417,-0.19,-0.20,-1.79,-9.85
40449,-0.12,-0.21,-1.79,-9.85
40481,-0.06,-0.20,-1.77,-9.84
40513,-0.12,-0.18,-1.81,-9.87
40546,-0.19,-0.20,-1.80,-9.87
40578,0.00,-0.23,-1.81,-9.88
40609,0.00,-0.22,-1.80,-9.87
40640,-0.06,-0.18,-1.80,-9.83
40672,-0.12,-0.20,-1.80,-9.86
40705,0.00,-0.23,-1.78,-9.87
40735,-0.06,-0.22,-1.79,-9.87
40768,-0.25,-0.15,-1.79,-9.84
40800,-0.12,-0.25,-1.79,-9.84
40833,-0.12,-0.24,-1.82,-9.84
40864,0.00,-0.16,-1.82,-9.81
40896,-0.19,-0.15,-1.77,-9.83
40928,-0.06,-0.19,-1.77,-9.84
40961,0.06,-0.20,-1.78,-9.83
40991,-0.06,-0.19,-1.81,-9.81
41023,0.00,-0.20,-1.79,-9.85
41055,-0.06,-0.22,-1.81,-9.85
41088,-0.12,-0.18,-1.80,-9.83
41119,0.00,-0.16,-1.79,-9.84
41151,-0.06,-0.21,-1.80,-9.84
41183,-0.06,-0.22,-1.80,-9.86
41216,-0.12,-0.20,-1.78,-9.85
41247,0.00,-0.19,-1.80,-9.81
41279,-0.06,-0.23,-1.79,-9.85
41311,-0.06,-0.24,-1.82,-9.86
41344,-0.06,-0.16,-1.81,-9.86
41375,-0.06,-0.20,-1.81,-9.86
41408,-0.06,-0.22,-1.79,-9.82
41440,-0.12,-0.22,-1.82,-9.85
41472,0.00,-0.17,-1.80,-9.83
41503,0.00,-0.19,-1.82,-9.84
41534,-0.12,-0.18,-1.78,-9.83
41567,-0.06,-0.18,-1.81,-9.86
41598,-0.06,-0.18,-1.79,-9.81
41631,-0.06,-0.20,-1.79,-9.84
41663,-0.12,-0.21,-1.77,-9.83
41696,-0.19,-0.19,-1.79,-9.84
41728,-0.12,-0.20,-1.78,-9.83
41760,0.00,-0.22,-1.79,-9.83
41791,0.06,-0.22,-1.79,-9.82
41823,-0.12,-0.18,-1.78,-9.86
41854,-0.12,-0.19,-1.78,-9.83
41887,-0.06,-0.20,-1.82,-9.83
41920,-0.06,-0.21,-1.78,-9.85
41951,0.00,-0.19,-1.80,-9.83
41982,0.06,-0.19,-1.81,-9.86
42014,-0.06,-0.24,-1.79,-9.85
42046,-0.06,-0.19,-1.80,-9.86
42078,-0.25,-0.17,-1.80,-9.88
42110,0.00,-0.17,-1.77,-9.82
42141,-0.06,-0.21,-1.80,-9.85
42174,-0.06,-0.22,-1.80,-9.83
42207,-0.12,-0.20,-1.77,-9.81
42238,-0.06,-0.21,-1.80,-9.83
42270,-0.06,-0.21,-1.80,-9.83
42303,-0.12,-0.18,-1.79,-9.82
42336,-0.12,-0.18,-1.82,-9.86
42368,0.00,-0.23,-1.78,-9.86
42398,-0.12,-0.22,-1.80,-9.83
42431,-0.06,-0.19,-1.81,-9.85
42463,-0.06,-0.18,-1.80,-9.85
42496,0.00,-0.22,-1.79,-9.85
42526,-0.19,-0.20,-1.79,-9.84
42559,-0.12,-0.18,-1.78,-9.83
42591,-0.12,-0.15,-1.79,-9.87
42624,-0.06,-0.21,-1.82,-9.90
42655,-0.06,-0.23,-1.80,-9.85
42688,-0.19,-0.21,-1.81,-9.86
42720,-0.06,-0.19,-1.78,-9.81
42753,-0.06,-0.18,-1.82,-9.87
42784,0.00,-0.19,-1.81,-9.85
42816,-0.19,-0.20,-1.78,-9.83
42848,-0.12,-0.23,-1.80,-9.85
42881,-0.06,-0.19,-1.79,-9.83
42912,-0.12,-0.20,-1.77,-9.86
42945,-0.06,-0.17,-1.80,-9.84
42977,-0.12,-0.23,-1.79,-9.89
43009,-0.12,-0.18,-1.81,-9.83
43041,-0.06,-0.20,-1.77,-9.84
43074,0.06,-0.21,-1.78,-9.85
43105,-0.19,-0.23,-1.79,-9.85
43137,-0.12,-0.18,-1.78,-9.82
43169,-0.19,-0.20,-1.82,-9.82
43202,-0.12,-0.20,-1.77,-9.86
43234,-0.12,-0.22,-1.79,-9.83
43266,-0.12,-0.16,-1.80,-9.86
43298,-0.06,-0.24,-1.78,-9.86
43330,-0.19,-0.22,-1.80,-9.86
43363,-0.12,-0.19,-1.81,-9.81
43395,-0.06,-0.18,-1.77,-9.83
43426,-0.06,-0.20,-1.81,-9.89
43459,-0.12,-0.22,-1.81,-9.85
43492,-0.06,-0.17,-1.80,-9.87
43524,0.06,-0.22,-1.77,-9.85
43555,-0.12,-0.23,-1.82,-9.84
43587,0.06,-0.22,-1.80,-9.85
43619,0.00,-0.17,-1.82,-9.84
43650,0.00,-0.21,-1.78,-9.84
43680,0.00,-0.21,-1.80,-9.87
43712,-0.19,-0.18,-1.77,-9.88
43745,-0.19,-0.18,-1.81,-9.85
43777,0.06,-0.23,-1.79,-9.83
43807,-0.12,-0.20,-1.78,-9.85
43840,-0.19,-0.18,-1.80,-9.88
43873,-0.25,-0.19,-1.81,-9.88
43905,-0.06,-0.22,-1.78,-9.83
43937,-0.06,-0.22,-1.79,-9.88
43969,-0.19,-0.12,-1.77,-9.98
44001,-0.25,-0.18,-1.83,-9.89
44034,-0.12,-0.27,-1.88,-9.78
44065,-0.12,-0.15,-1.66,-10.03
44099,0.00,-0.17,-1.82,-9.95
44130,-0.25,-0.28,-1.81,-9.80
44163,-0.06,-0.31,-1.75,-9.78
44194,0.00,-0.13,-1.85,-9.87
44226,-0.12,-0.17,-1.79,-9.83
44259,0.00,-0.26,-1.73,-9.85
44290,-0.06,-0.19,-1.83,-9.87
44321,-0.12,-0.13,-1.78,-9.89
44354,0.00,-0.23,-1.78,-9.83
44386,-0.12,-0.26,-1.81,-9.87
44418,-0.06,-0.16,-1.76,-9.83
44449,-0.06,-0.14,-1.78,-9.83
44481,-0.19,-0.25,-1.83,-9.87
44514,0.00,-0.25,-1.77,-9.84
44545,-0.06,-0.14,-1.82,-9.83
44577,-0.19,-0.09,-1.83,-9.76
44610,-0.06,-0.20,-1.72,-9.99
44642,0.00,-0.19,-1.71,-9.79
44673,-0.06,-0.13,-1.82,-9.82
44705,-0.06,-0.17,-1.80,-9.90
44737,0.00,-0.22,-1.76,-9.81
44769,-0.12,-0.20,-1.77,-9.85
44801,-0.19,-0.14,-1.79,-9.84
44833,-0.19,-0.17,-1.83,-9.83
44865,-0.12,-0.21,-1.79,-9.86
44898,0.00,-0.19,-1.80,-9.89
44929,-0.19,-0.15,-1.80,-9.85
44961,-0.06,-0.18,-1.78,-9.85
44993,0.00,-0.22,-1.81,-9.86
45025,-0.06,-0.17,-1.80,-9.83
45058,-0.12,-0.20,-1.80,-9.85
