252021,-0.44,-0.22,-9.93
252048,-0.44,-0.19,-9.96
252075,-0.42,-0.22,-9.96
252103,-0.41,-0.27,-9.88
252128,-0.46,-0.22,-9.88
252156,-0.42,-0.14,-9.89
252181,-0.37,-0.23,-9.92
252211,-0.53,-0.26,-9.95
252237,-0.55,-0.29,-9.85
252265,-0.47,-0.30,-9.97
252293,-0.37,-0.27,-9.84
252318,-0.39,-0.19,-9.97
252346,-0.40,-0.20,-9.95
252374,-0.42,-0.27,-9.87
252400,-0.40,-0.24,-9.93
252426,-0.39,-0.18,-9.88
252454,-0.40,-0.21,-9.89
252479,-0.42,-0.20,-9.90
252508,-0.46,-0.25,-10.04
252534,-0.43,-0.26,-9.89
252564,-0.44,-0.24,-9.98
252591,-0.41,-0.19,-9.89
252616,-0.41,-0.18,-9.99
252642,-0.45,-0.21,-9.85
252672,-0.44,-0.24,-9.96
252696,-0.42,-0.25,-9.87
252725,-0.42,-0.16,-9.88
252752,-0.37,-0.06,-9.99
252777,-0.36,-0.02,-9.91
252806,-0.36,-0.02,-9.90
252831,-0.34,0.06,-9.90
252859,-0.36,-0.03,-10.01
252886,-0.38,-0.07,-9.84
252915,-0.36,-0.08,-9.99
252940,-0.37,-0.12,-9.90
252968,-0.42,-0.20,-9.94
252994,-0.38,-0.15,-9.89
253023,-0.31,-0.08,-9.98
253047,-0.29,0.07,-9.91
253076,-0.29,0.07,-10.01
253102,-0.31,0.06,-9.86
253127,-0.27,-0.03,-9.95
253155,-0.29,-0.06,-9.80
253180,-0.28,-0.09,-9.96
253209,-0.29,-0.09,-10.00
253236,-0.29,-0.19,-9.89
253265,-0.29,-0.14,-9.98
253290,-0.28,-0.14,-9.91
253318,-0.27,-0.20,-9.92
253344,-0.28,-0.23,-9.89
253374,-0.29,-0.26,-9.96
253400,-0.29,-0.30,-9.88
253427,-0.31,-0.29,-9.93
253454,-0.29,-0.25,-9.96
253479,-0.28,-0.22,-9.92
253508,-0.29,-0.23,-9.90
253534,-0.29,-0.22,-9.88
253562,-0.27,-0.14,-9.98
253588,-0.22,-0.13,-9.93
253617,-0.20,-0.13,-10.00
253642,-0.22,-0.17,-9.90
253671,-0.36,-0.31,-9.83
253697,-0.22,-0.33,-9.94
253726,-0.26,-0.37,-9.85
253753,-0.23,-0.28,-9.97
253778,-0.24,-0.25,-9.87
253807,-0.25,-0.27,-9.90
253832,-0.24,-0.28,-9.88
253860,-0.22,-0.23,-10.00
253887,-0.21,-0.27,-9.93
253917,-0.24,-0.27,-10.03
253942,-0.24,-0.28,-9.88
253970,-0.21,-0.27,-9.94
253997,-0.21,-0.29,-9.87
254025,-0.22,-0.29,-9.97
254050,-0.18,-0.29,-9.93
254078,-0.24,-0.32,-9.97
254106,-0.21,-0.29,-9.87
254132,-0.20,-0.27,-9.90
254159,-0.21,-0.28,-9.95
254186,-0.18,-0.32,-9.93
254215,-0.20,-0.30,-9.96
254239,-0.18,-0.28,-9.91
254268,-0.18,-0.28,-9.99
254294,-0.19,-0.29,-9.92
254321,-0.18,-0.31,-9.95
254348,-0.17,-0.30,-9.89
254377,-0.17,-0.27,-9.93
254402,-0.13,-0.25,-9.90
254430,-0.14,-0.23,-9.97
254457,-0.15,-0.24,-9.96
254483,-0.15,-0.23,-9.94
254512,-0.14,-0.25,-10.03
254538,-0.10,-0.24,-9.90
254568,-0.13,-0.26,-9.99
254592,-0.12,-0.30,-9.91
254620,-0.10,-0.31,-10.04
254647,-0.13,-0.34,-9.88
254676,-0.11,-0.37,-9.96
254702,-0.12,-0.36,-9.88
254730,-0.12,-0.35,-9.97
254757,-0.10,-0.32,-9.89
254782,-0.09,-0.27,-9.89
254811,-0.08,-0.25,-9.85
254836,-0.06,-0.31,-9.93
254866,-0.10,-0.37,-10.00
254892,-0.09,-0.39,-9.90
254920,-0.09,-0.40,-9.96
254946,-0.10,-0.36,-9.89
254974,-0.10,-0.37,-9.96
255000,-0.10,-0.38,-9.91
255029,-0.11,-0.39,-9.94
255055,-0.13,-0.40,-10.03
255082,-0.09,-0.43,-9.92
255111,-0.10,-0.39,-9.86
255136,-0.17,-0.41,-9.99
255165,-0.20,-0.36,-9.98
255191,-0.08,-0.29,-9.90
255219,-0.10,-0.21,-10.01
255245,-0.07,-0.16,-9.90
255273,-0.05,-0.17,-9.96
255299,-0.02,-0.13,-9.88
255329,-0.04,-0.13,-9.92
255354,0.00,-0.14,-9.90
255381,0.02,-0.19,-9.97
255407,0.02,-0.17,-9.89
255432,0.04,-0.16,-9.96
255459,0.03,-0.17,-9.89
255483,0.07,-0.23,-9.87
255511,0.09,-0.24,-9.94
255536,0.06,-0.31,-9.89
255563,0.03,-0.36,-10.02
255589,0.03,-0.41,-9.96
255617,0.01,-0.34,-9.96
255640,0.04,-0.34,-9.91
255669,0.03,-0.34,-10.00
255693,0.02,-0.32,-9.87
255721,0.06,-0.34,-10.05
255747,0.03,-0.34,-9.83
255774,0.06,-0.33,-10.00
255800,0.04,-0.29,-9.89
255827,0.04,-0.30,-9.95
255852,0.05,-0.27,-9.87
255880,0.05,-0.31,-9.91
255904,0.06,-0.35,-9.93
255932,0.05,-0.37,-9.98
255958,0.03,-0.43,-9.91
255982,0.02,-0.37,-9.98
256010,0.01,-0.26,-9.91
256033,0.02,-0.32,-9.90
256061,0.05,-0.39,-9.99
256086,0.00,-0.37,-9.87
256113,0.01,-0.37,-9.93
256138,0.01,-0.36,-9.90
256164,0.01,-0.37,-10.02
256191,0.00,-0.38,-9.93
256219,-0.02,-0.37,-10.01
256244,-0.01,-0.36,-9.88
256273,0.00,-0.38,-10.02
256299,-0.01,-0.35,-9.92
256327,-0.04,-0.37,-9.97
256353,-0.02,-0.38,-9.88
256382,-0.03,-0.37,-9.95
256409,-0.07,-0.37,-9.89
256435,-0.05,-0.34,-9.91
256462,-0.06,-0.36,-9.92
256488,-0.08,-0.35,-9.89
256517,-0.09,-0.34,-9.99
256542,-0.09,-0.34,-9.91
256572,-0.08,-0.36,-10.04
256598,-0.08,-0.33,-9.87
256625,-0.10,-0.33,-9.99
256652,-0.10,-0.37,-9.87
256681,-0.13,-0.35,-9.94
256706,-0.11,-0.35,-9.95
256734,-0.11,-0.32,-9.96
256761,-0.13,-0.34,-9.94
256786,-0.13,-0.32,-9.90
256815,-0.14,-0.36,-10.00
256842,-0.15,-0.33,-9.91
256871,-0.16,-0.35,-10.01
256897,-0.17,-0.33,-9.87
256924,-0.17,-0.36,-9.96
256951,-0.16,-0.34,-9.88
256980,-0.18,-0.33,-9.97
257005,-0.18,-0.30,-9.94
257034,-0.16,-0.31,-9.96
257060,-0.17,-0.32,-9.90
257086,-0.20,-0.33,-9.93
257115,-0.20,-0.34,-9.90
257140,-0.19,-0.30,-9.95
257169,-0.20,-0.31,-9.96
257195,-0.19,-0.34,-9.91
257223,-0.22,-0.31,-9.96
257248,-0.20,-0.31,-9.89
257276,-0.20,-0.31,-9.98
257302,-0.21,-0.30,-9.87
257332,-0.21,-0.32,-9.95
257356,-0.21,-0.28,-9.88
257385,-0.24,-0.32,-9.98
257412,-0.24,-0.36,-9.97
257437,-0.26,-0.40,-9.92
257466,-0.29,-0.42,-9.91
257491,-0.27,-0.45,-9.97
257521,-0.31,-0.51,-10.00
257547,-0.33,-0.49,-9.87
257575,-0.33,-0.50,-10.02
257602,-0.36,-0.48,-9.87
257631,-0.36,-0.45,-9.98
257656,-0.39,-0.49,-9.86
257685,-0.41,-0.47,-9.98
257712,-0.42,-0.47,-9.93
257737,-0.41,-0.53,-9.94
257766,-0.42,-0.53,-9.88
257792,-0.42,-0.56,-9.91
257820,-0.47,-0.54,-9.98
257846,-0.46,-0.52,-9.91
257874,-0.48,-0.51,-10.00
257900,-0.47,-0.50,-9.90
257929,-0.48,-0.53,-9.88
257954,-0.49,-0.53,-9.88
257984,-0.51,-0.46,-9.93
258010,-0.47,-0.40,-9.87
258036,-0.44,-0.41,-9.93
258065,-0.41,-0.30,-9.94
258089,-0.43,-0.26,-9.90
258118,-0.43,-0.24,-10.03
258145,-0.40,-0.20,-9.89
258174,-0.38,-0.14,-10.01
258200,-0.37,-0.17,-9.87
258228,-0.41,-0.19,-9.90
258254,-0.43,-0.18,-9.86
258283,-0.42,-0.24,-9.95
258309,-0.45,-0.36,-9.89
258336,-0.47,-0.37,-9.97
258364,-0.43,-0.32,-9.86
258390,-0.44,-0.26,-9.88
258417,-0.43,-0.30,-9.97
258443,-0.43,-0.27,-9.94
258472,-0.43,-0.26,-9.96
258497,-0.39,-0.16,-9.91
258526,-0.40,-0.29,-10.01
258552,-0.45,-0.27,-9.87
258582,-0.42,-0.30,-9.97
258607,-0.46,-0.32,-9.88
258636,-0.46,-0.39,-9.92
258663,-0.47,-0.44,-9.87
258689,-0.50,-0.39,-9.86
258716,-0.46,-0.33,-9.92
258742,-0.42,-0.32,-9.91
258770,-0.43,-0.30,-9.96
258796,-0.42,-0.26,-9.89
258825,-0.43,-0.23,-9.98
258849,-0.42,-0.19,-9.87
258879,-0.41,-0.20,-9.98
258904,-0.41,-0.18,-9.87
258933,-0.42,-0.20,-9.95
258960,-0.42,-0.23,-9.97
258988,-0.43,-0.25,-9.92
259014,-0.47,-0.29,-9.89
259040,-0.42,-0.27,-9.93
259068,-0.42,-0.25,-9.88
259094,-0.40,-0.23,-9.92
259123,-0.39,-0.19,-10.00
259149,-0.41,-0.19,-9.90
259177,-0.42,-0.22,-9.98
259205,-0.43,-0.27,-9.87
259230,-0.43,-0.28,-9.95
259259,-0.44,-0.29,-9.85
259287,-0.42,-0.26,-9.97
259313,-0.40,-0.23,-9.91
259339,-0.42,-0.28,-9.92
259367,-0.46,-0.29,-9.87
259392,-0.45,-0.26,-9.92
259421,-0.41,-0.27,-10.01
259447,-0.44,-0.23,-9.89
259477,-0.43,-0.19,-10.03
