28621,0.06,-0.20,-1.85,-9.82
28653,0.06,-0.21,-1.84,-9.83
28684,-0.06,-0.28,-1.84,-9.87
28717,0.00,-0.22,-1.88,-9.90
28747,-0.19,-0.22,-1.89,-9.82
28780,-0.31,-0.13,-1.85,-9.86
28812,-0.19,-0.24,-1.82,-9.81
28845,-0.19,-0.22,-1.84,-9.84
28876,-0.19,-0.18,-1.82,-9.83
28909,-0.75,-0.15,-1.80,-9.82
28941,-0.12,-0.29,-1.79,-9.86
28974,0.25,-0.26,-1.91,-9.79
29004,0.56,-0.27,-1.78,-9.81
29036,0.19,-0.13,-1.81,-9.81
29067,0.19,-0.16,-1.88,-9.82
29099,-0.19,-0.21,-1.85,-9.80
29130,0.00,-0.24,-1.81,-9.84
29161,0.06,-0.13,-1.85,-9.87
29193,0.00,-0.23,-1.82,-9.83
29223,-0.25,-0.23,-1.85,-9.85
29256,0.25,-0.16,-1.83,-9.81
29287,0.12,-0.12,-1.87,-9.83
29319,-0.19,-0.07,-1.87,-9.85
29350,-0.25,-0.42,-1.80,-9.82
29383,-0.19,-0.30,-1.82,-9.87
29415,0.06,-0.18,-1.89,-9.82
29447,0.12,-0.14,-1.86,-9.81
29477,0.06,-0.17,-1.80,-9.83
29509,-0.12,-0.15,-1.89,-9.86
29541,-0.12,-0.19,-1.82,-9.86
29574,-0.12,-0.18,-1.79,-9.82
29605,-0.12,-0.18,-1.87,-9.83
29638,-0.19,-0.20,-1.84,-9.81
29670,0.00,-0.21,-1.81,-9.83
29702,-0.19,-0.14,-1.84,-9.84
29733,-0.12,-0.21,-1.87,-9.82
29766,-0.06,-0.23,-1.84,-9.85
29798,-0.06,-0.15,-1.84,-9.84
29831,0.06,-0.20,-1.85,-9.84
29861,-0.06,-0.22,-1.84,-9.84
29893,-0.06,-0.18,-1.87,-9.87
29926,-0.06,-0.20,-1.84,-9.81
29959,-0.12,-0.17,-1.84,-9.82
29990,0.06,-0.19,-1.86,-9.82
30022,-0.19,-0.20,-1.82,-9.85
30054,0.00,-0.20,-1.83,-9.84
30086,-0.19,-0.18,-1.86,-9.82
30117,-0.06,-0.18,-1.82,-9.84
30149,-0.06,-0.18,-1.82,-9.84
30182,-0.06,-0.21,-1.86,-9.82
30214,-0.06,-0.23,-1.85,-9.78
30246,0.00,-0.20,-1.84,-9.85
30277,-0.06,-0.19,-1.85,-9.82
30310,-0.06,-0.22,-1.82,-9.83
30342,-0.12,-0.21,-1.83,-9.83
30374,-0.06,-0.20,-1.84,-9.83
30406,-0.12,-0.20,-1.81,-9.85
30439,0.00,-0.20,-1.83,-9.82
30470,0.06,-0.18,-1.85,-9.82
30500,-0.06,-0.17,-1.85,-9.85
30533,-0.06,-0.19,-1.83,-9.84
30566,-0.12,-0.18,-1.84,-9.84
30598,-0.06,-0.19,-1.84,-9.83
30629,-0.12,-0.21,-1.84,-9.82
30662,-0.06,-0.20,-1.84,-9.83
30694,-0.12,-0.17,-1.84,-9.84
30727,-0.19,-0.20,-1.81,-9.85
30759,-0.06,-0.27,-1.83,-9.83
30791,0.00,-0.22,-1.84,-9.85
30822,0.12,-0.17,-1.85,-9.83
30854,0.00,-0.11,-1.83,-9.83
30884,-0.12,-0.17,-1.82,-9.83
30917,-0.06,-0.20,-1.84,-9.82
30949,-0.12,-0.16,-1.86,-9.86
30982,-0.12,-0.19,-1.79,-9.82
31013,-0.12,-0.20,-1.84,-9.85
31046,0.00,-0.14,-1.86,-9.83
31077,0.00,-0.32,-1.89,-9.84
31109,0.00,-0.14,-1.84,-9.84
31139,-0.12,-0.15,-1.80,-9.82
31172,-0.12,-0.22,-1.82,-9.85
31204,-0.06,-0.17,-1.83,-9.84
31237,0.00,-0.17,-1.85,-9.86
31267,-0.12,-0.15,-1.85,-9.84
31300,0.00,-0.19,-1.85,-9.83
31331,0.00,-0.20,-1.83,-9.84
31363,-0.12,-0.21,-1.83,-9.86
31394,0.00,-0.18,-1.84,-9.82
31426,-0.06,-0.20,-1.82,-9.82
31458,-0.06,-0.20,-1.84,-9.82
31490,-0.12,-0.16,-1.83,-9.81
31522,-0.19,-0.22,-1.83,-9.85
31554,0.06,-0.18,-1.79,-9.83
31586,0.00,-0.19,-1.82,-9.84
31617,0.00,-0.22,-1.86,-9.84
31648,0.06,-0.16,-1.80,-9.81
31679,-0.12,-0.16,-1.82,-9.79
31711,-0.12,-0.20,-1.82,-9.84
31744,-0.25,-0.19,-1.88,-9.84
31776,-0.12,-0.14,-1.82,-9.83
31808,-0.06,-0.21,-1.82,-9.81
31841,-0.06,-0.19,-1.85,-9.83
31873,0.00,-0.21,-1.89,-9.84
31904,-0.19,-0.21,-1.81,-9.83
31936,-0.06,-0.12,-1.82,-9.83
31969,-0.06,-0.20,-1.86,-9.81
32001,-0.19,-0.20,-1.80,-9.83
