63215,-0.31,-0.17,-1.87,-9.71
63247,-0.12,-0.15,-1.84,-9.63
63277,-0.25,-0.14,-1.87,-9.70
63311,-0.06,-0.16,-1.79,-9.73
63343,-0.63,-0.13,-1.82,-9.60
63375,-0.81,-0.14,-1.81,-9.68
63409,-1.37,-0.17,-1.85,-9.67
63440,-1.19,-0.17,-1.87,-9.61
63472,-0.88,-0.17,-1.85,-9.62
63504,-0.88,-0.18,-1.89,-9.60
63537,-0.19,-0.16,-1.89,-9.69
63569,0.50,-0.16,-1.91,-9.75
63600,1.63,-0.21,-1.97,-9.60
63629,2.88,-0.14,-1.90,-9.64
63663,4.44,-0.17,-1.95,-9.74
63691,5.81,-0.15,-1.88,-9.59
63725,6.00,-0.16,-1.86,-9.66
63757,5.06,-0.11,-1.74,-9.60
63784,3.25,-0.10,-1.70,-9.62
63819,1.00,-0.10,-1.70,-9.75
63850,-1.00,-0.13,-1.79,-9.62
63879,-1.81,-0.18,-1.85,-9.63
63915,-2.19,-0.15,-1.82,-9.70
63944,-3.06,-0.08,-1.81,-9.63
63977,-3.94,-0.14,-1.80,-9.69
64011,-4.69,-0.44,-2.01,-9.65
64040,-4.31,-0.08,-1.94,-9.70
64075,-4.06,-0.05,-1.88,-9.64
64108,-4.13,-0.16,-1.83,-9.60
64137,-3.88,-0.13,-1.89,-9.64
64172,-3.88,-0.14,-1.90,-9.66
64203,-3.81,-0.15,-1.85,-9.54
64234,-3.63,-0.15,-1.86,-9.64
64270,-3.63,-0.14,-1.87,-9.71
64300,-3.44,-0.15,-1.86,-9.61
64330,-3.31,-0.16,-1.88,-9.62
64365,-3.31,-0.15,-1.87,-9.74
64395,-3.25,-0.18,-1.87,-9.60
64429,-3.13,-0.16,-1.88,-9.70
64462,-3.00,-0.17,-1.89,-9.71
64492,-2.88,-0.17,-1.88,-9.60
64527,-2.38,-0.25,-1.97,-9.57
64560,-1.06,-0.25,-1.98,-9.62
64588,-2.88,-0.05,-1.62,-9.79
64623,-6.06,-0.12,-1.55,-9.50
64655,-9.63,-0.01,-1.54,-9.75
64686,-16.37,-0.04,-1.44,-9.53
64721,-21.25,0.00,-1.51,-9.83
64752,-25.75,-0.06,-1.51,-9.55
64784,-30.56,0.00,-1.52,-9.67
64819,-36.81,-0.03,-1.51,-9.68
64850,-41.06,-0.01,-1.51,-9.65
64883,-45.94,0.00,-1.54,-9.64
64917,-51.69,0.00,-1.55,-9.72
64948,-55.25,0.01,-1.59,-9.61
64980,-58.63,0.02,-1.66,-9.60
65014,-61.56,0.02,-1.66,-9.70
65044,-64.56,0.05,-1.67,-9.60
65079,-68.69,0.07,-1.64,-9.71
65111,-71.94,0.09,-1.64,-9.66
65140,-75.25,0.11,-1.67,-9.62
65175,-78.12,0.09,-1.66,-9.68
65207,-82.19,0.14,-1.64,-9.60
65238,-85.31,0.17,-1.67,-9.64
65273,-87.81,0.17,-1.73,-9.65
65303,-90.56,0.18,-1.72,-9.62
65335,-93.31,0.19,-1.67,-9.68
65370,-97.00,0.21,-1.68,-9.72
65398,-99.69,0.23,-1.70,-9.61
65431,-102.25,0.29,-1.73,-9.63
65467,-105.37,0.27,-1.76,-9.71
65498,-107.19,0.27,-1.77,-9.63
65531,-108.75,0.28,-1.80,-9.63
65566,-110.62,0.30,-1.83,-9.75
65597,-111.94,0.23,-1.83,-9.58
65632,-113.00,0.30,-1.84,-9.71
65667,-113.75,0.29,-1.90,-9.75
65697,-114.06,0.26,-1.94,-9.61
65731,-114.31,0.26,-1.93,-9.64
65766,-114.00,0.23,-1.95,-9.72
65797,-113.81,0.23,-1.94,-9.64
65831,-113.50,0.21,-1.94,-9.71
65866,-113.12,0.20,-1.95,-9.74
65897,-113.00,0.19,-1.96,-9.62
65932,-112.62,0.19,-1.96,-9.68
65966,-112.44,0.19,-1.94,-9.70
65996,-112.25,0.19,-1.91,-9.62
66031,-112.37,0.20,-1.89,-9.69
66066,-112.69,0.17,-1.90,-9.76
66097,-112.69,0.17,-1.93,-9.60
66131,-112.87,0.18,-1.90,-9.72
66165,-112.94,0.15,-1.94,-9.74
66196,-112.75,0.13,-1.97,-9.63
66232,-112.19,0.14,-1.98,-9.69
66266,-111.81,0.11,-2.00,-9.73
66296,-111.00,0.08,-2.01,-9.61
66331,-110.00,0.10,-1.99,-9.68
66365,-109.31,0.09,-2.01,-9.75
66396,-108.69,0.08,-2.01,-9.61
66432,-107.94,0.06,-2.02,-9.62
66465,-107.25,0.07,-2.03,-9.75
66496,-106.81,0.07,-1.99,-9.66
66531,-106.44,0.06,-2.03,-9.70
66566,-105.94,0.05,-2.02,-9.72
66595,-105.75,0.05,-2.00,-9.59
66631,-105.06,0.05,-2.02,-9.66
66665,-104.62,0.05,-2.05,-9.75
66696,-104.25,0.04,-2.03,-9.61
66732,-103.62,0.03,-2.07,-9.64
66764,-102.69,0.01,-2.09,-9.63
66795,-101.94,0.00,-2.09,-9.62
66831,-100.87,-0.01,-2.11,-9.68
66866,-99.87,0.00,-2.07,-9.75
66895,-99.31,0.00,-2.07,-9.60
66930,-98.81,0.00,-2.04,-9.71
66962,-98.50,0.04,-2.06,-9.64
66992,-98.44,0.02,-2.07,-9.63
67026,-98.44,0.02,-2.04,-9.68
67058,-98.37,0.01,-2.09,-9.67
67089,-98.31,0.08,-2.07,-9.64
67124,-98.19,0.04,-2.08,-9.74
67154,-97.81,0.01,-2.05,-9.60
67185,-97.50,0.05,-2.11,-9.63
67220,-96.87,0.03,-2.09,-9.75
67250,-96.31,0.03,-2.11,-9.61
67283,-95.62,0.02,-2.11,-9.63
67317,-95.12,0.03,-2.10,-9.74
67347,-94.50,0.01,-2.13,-9.62
67382,-93.87,0.00,-2.12,-9.63
67414,-93.37,0.02,-2.11,-9.60
67443,-93.06,0.05,-2.09,-9.60
67478,-92.25,0.00,-2.13,-9.71
67509,-91.69,0.04,-2.11,-9.65
67540,-91.12,0.03,-2.09,-9.60
67575,-90.62,0.00,-2.13,-9.71
67606,-90.00,0.06,-2.14,-9.63
67637,-89.50,0.01,-2.14,-9.64
67672,-88.37,0.04,-2.09,-9.77
67701,-87.62,0.02,-2.14,-9.58
67734,-86.62,0.03,-2.13,-9.64
67768,-85.87,0.00,-2.15,-9.77
67798,-84.94,0.00,-2.12,-9.60
67832,-83.94,0.02,-2.13,-9.72
67865,-83.00,0.01,-2.14,-9.62
67895,-81.81,0.01,-2.12,-9.65
67930,-80.94,-0.03,-2.11,-9.70
67962,-79.62,0.01,-2.12,-9.62
67992,-78.31,0.00,-2.15,-9.64
68028,-77.25,-0.02,-2.14,-9.65
68060,-75.94,-0.02,-2.12,-9.70
68091,-74.12,-0.02,-2.12,-9.61
68127,-72.44,-0.03,-2.13,-9.64
68159,-71.00,-0.03,-2.14,-9.63
68191,-69.00,-0.04,-2.10,-9.67
68228,-67.56,-0.03,-2.13,-9.75
68259,-65.94,-0.04,-2.09,-9.60
68291,-64.37,-0.03,-2.07,-9.60
68327,-63.38,-0.04,-2.08,-9.72
68359,-62.31,-0.05,-2.05,-9.64
68390,-61.56,-0.03,-2.02,-9.62
68427,-60.81,-0.05,-2.03,-9.72
68459,-60.13,-0.05,-2.01,-9.58
68491,-59.69,-0.04,-1.99,-9.62
68527,-58.69,-0.05,-2.00,-9.71
68558,-58.19,-0.06,-2.00,-9.61
68590,-57.56,-0.06,-2.00,-9.65
68627,-56.19,-0.06,-2.04,-9.72
68659,-54.69,-0.11,-2.10,-9.61
68690,-52.56,-0.12,-2.11,-9.63
68726,-49.75,-0.11,-2.10,-9.69
68759,-47.63,-0.12,-2.13,-9.68
68790,-45.19,-0.13,-2.12,-9.64
68827,-42.25,-0.11,-2.11,-9.80
68858,-40.13,-0.16,-2.06,-9.60
68890,-37.63,-0.17,-2.07,-9.63
68926,-34.75,-0.14,-2.09,-9.78
68958,-32.38,-0.22,-2.08,-9.55
68989,-30.37,-0.15,-2.07,-9.66
69026,-27.56,-0.21,-2.06,-9.70
69057,-25.56,-0.19,-2.04,-9.64
69090,-23.19,-0.20,-2.11,-9.60
69126,-19.06,-0.24,-2.16,-9.75
69157,-15.25,-0.28,-2.21,-9.58
69189,-11.06,-0.25,-2.21,-9.61
69226,-6.56,-0.23,-2.14,-9.76
69256,-3.69,-0.23,-2.09,-9.59
69288,-1.31,-0.19,-2.02,-9.65
69322,0.31,-0.21,-1.96,-9.67
69351,1.44,-0.18,-1.97,-9.61
69385,2.69,-0.19,-1.95,-9.72
69415,3.38,-0.19,-1.94,-9.57
69444,3.88,-0.14,-1.88,-9.61
69479,3.56,-0.14,-1.86,-9.76
69508,3.31,-0.14,-1.85,-9.57
69538,3.00,-0.14,-1.84,-9.64
69571,2.69,-0.20,-1.88,-9.69
69601,2.81,-0.18,-1.87,-9.59
69634,2.63,-0.14,-1.84,-9.69
69665,2.06,-0.15,-1.81,-9.60
69695,1.06,-0.12,-1.79,-9.65
69728,-0.19,-0.13,-1.75,-9.71
69761,-1.50,-0.14,-1.74,-9.68
69789,-3.06,-0.13,-1.73,-9.64
69824,-4.88,-0.12,-1.75,-9.71
69854,-5.75,-0.14,-1.82,-9.62
69888,-6.06,-0.16,-1.85,-9.66
69921,-6.19,-0.16,-1.89,-9.74
69951,-5.81,-0.17,-1.92,-9.65
69986,-5.19,-0.19,-1.90,-9.64
70019,-4.69,-0.19,-1.93,-9.60
70047,-4.13,-0.19,-1.90,-9.65
70082,-3.44,-0.18,-1.90,-9.69
70114,-3.00,-0.16,-1.90,-9.61
70145,-2.50,-0.20,-1.91,-9.64
70179,-1.81,-0.20,-1.94,-9.74
70211,-1.12,-0.18,-1.94,-9.65
70242,-0.37,-0.17,-1.90,-9.60
70276,0.37,-0.17,-1.89,-9.70
70307,0.50,-0.16,-1.87,-9.63
70338,0.50,-0.16,-1.83,-9.66
70370,0.00,-0.13,-1.83,-9.66
70401,-0.88,-0.17,-1.81,-9.65
70432,-1.44,-0.19,-1.86,-9.63
70465,-2.00,-0.16,-1.87,-9.73
70495,-1.81,-0.20,-1.90,-9.62
70531,-0.81,-0.19,-1.93,-9.73
70562,0.00,-0.19,-1.93,-9.62
70591,0.69,-0.25,-1.93,-9.63
70624,1.50,-0.19,-1.93,-9.76
70652,1.94,-0.18,-1.88,-9.57
70686,1.81,-0.17,-1.84,-9.66
70718,1.94,-0.20,-1.84,-9.60
