109803,0.88,-0.21,-1.98,-9.57
109833,2.44,-0.34,-2.06,-9.61
109867,1.81,-0.11,-2.01,-9.98
109896,5.56,-0.17,-2.14,-9.63
109931,11.00,-0.20,-2.08,-9.66
109965,15.00,-0.31,-2.13,-9.70
109996,12.50,-0.54,-1.79,-9.58
110031,0.19,-0.55,-1.60,-9.63
110065,-4.25,-0.32,-1.95,-9.70
110094,-4.94,-0.27,-2.08,-9.57
110130,-6.50,-0.24,-2.04,-9.59
110163,-4.06,-0.27,-1.91,-9.57
110196,-0.37,-0.20,-2.01,-9.59
110230,1.94,-0.32,-2.10,-9.69
110262,0.94,-0.37,-2.08,-9.59
110295,-0.75,-0.37,-2.00,-9.62
110327,-1.63,-0.29,-2.05,-9.67
110361,-1.06,-0.32,-2.03,-9.65
110394,-1.12,-0.35,-1.99,-9.57
110428,-1.12,-0.30,-2.00,-9.63
110461,0.75,-0.29,-2.11,-9.46
110490,12.94,-0.80,-2.69,-9.82
110527,25.81,-0.10,-2.50,-9.78
110560,34.00,-1.25,-1.99,-8.78
110590,13.38,-1.27,-1.58,-9.39
110627,-1.37,-0.73,-1.70,-9.49
110659,-6.25,-0.46,-2.11,-9.65
110690,-5.50,-0.27,-2.19,-9.57
110727,-5.06,-0.25,-2.19,-9.65
110758,-3.44,-0.33,-2.14,-9.69
110792,0.94,-0.23,-3.05,-10.10
110827,2.38,-0.25,-2.45,-9.77
110859,0.69,-0.35,-2.15,-9.71
110887,-1.25,-0.43,-2.54,-9.50
110924,-10.19,-0.47,-2.83,-9.71
110957,-19.75,-0.45,-3.03,-9.54
110990,-28.19,-0.58,-3.18,-9.69
111027,-33.25,-0.57,-3.19,-9.48
111060,-39.50,-0.16,-3.03,-9.99
111092,-43.56,-0.67,-2.93,-10.02
111130,-44.69,-0.39,-2.90,-9.97
111165,-44.50,-0.83,-3.08,-9.76
111197,-49.31,-0.49,-2.76,-9.40
111234,-45.13,-1.44,-2.82,-8.41
111268,-51.94,-0.62,-2.77,-10.27
111301,-59.13,-0.63,-2.93,-8.92
111335,-61.06,-0.93,-2.47,-9.34
111373,-65.75,-1.11,-2.60,-9.30
111407,-63.00,-0.51,-2.06,-10.36
111439,-64.19,-0.90,-2.13,-10.02
111477,-67.50,-0.94,-2.41,-10.08
111513,-68.19,-1.45,-2.35,-8.92
111544,-70.62,-0.96,-2.51,-9.92
111581,-68.69,-1.69,-1.91,-11.18
111618,-73.87,-0.36,-1.61,-10.50
111649,-73.94,-0.78,-2.01,-9.18
111685,-71.94,-0.47,-2.22,-9.81
111720,-70.75,-1.43,-1.60,-11.04
111754,-69.12,-0.21,-2.32,-9.01
111788,-74.06,-0.24,-1.69,-10.44
111826,-75.37,-0.78,-1.71,-9.74
111859,-76.31,-0.62,-1.42,-10.86
111892,-68.81,-1.03,-1.82,-8.99
111929,-65.81,-0.40,-1.71,-9.58
111965,-70.81,-1.35,-1.92,-10.27
111996,-71.75,-0.67,-2.08,-9.51
112033,-70.06,-1.00,-2.20,-8.80
112068,-67.12,-0.81,-2.05,-9.58
112099,-65.19,-0.91,-1.92,-9.03
112136,-72.31,-1.40,-1.89,-10.82
112172,-72.94,-0.51,-1.74,-10.42
112205,-73.62,-0.47,-1.86,-9.76
112239,-66.81,-0.34,-1.89,-8.88
112276,-63.38,-0.38,-1.65,-10.27
112311,-64.12,-0.75,-1.84,-9.10
112343,-63.81,-0.27,-1.91,-10.24
112380,-63.63,-0.85,-1.98,-9.31
112416,-60.75,-0.62,-1.83,-9.17
112447,-58.69,-0.36,-1.83,-10.55
112485,-59.94,-0.86,-1.81,-8.79
112520,-61.13,-0.62,-1.87,-10.61
112551,-61.81,-1.10,-2.24,-9.25
112586,-61.63,-0.11,-1.57,-9.80
112623,-63.13,-0.75,-1.77,-9.54
112656,-62.13,-0.47,-1.63,-10.04
112690,-63.25,-0.26,-1.23,-10.11
112730,-63.50,-0.40,-1.41,-9.63
112762,-63.44,-0.43,-1.76,-9.66
112794,-60.50,-0.59,-2.04,-9.81
112831,-59.25,0.16,-2.34,-8.20
112866,-57.56,-0.65,-2.18,-10.36
112898,-57.38,-0.81,-1.86,-9.59
112934,-60.88,-0.58,-1.65,-9.95
112969,-62.50,-0.57,-2.48,-8.43
113000,-63.00,-0.67,-1.93,-9.54
113036,-59.94,-0.48,-1.47,-9.81
113072,-61.63,-0.47,-2.19,-8.94
113103,-64.50,-0.89,-1.96,-11.71
113138,-61.38,-0.71,-1.94,-9.26
113176,-65.44,-1.09,-1.69,-10.59
113211,-64.62,-0.28,-1.68,-10.41
113244,-62.13,-0.40,-2.02,-11.07
113282,-63.06,-0.40,-1.97,-10.31
113317,-60.56,-0.41,-2.15,-10.21
113349,-60.19,-0.54,-1.72,-9.58
113386,-59.25,-0.49,-1.65,-9.38
113421,-60.88,-0.43,-1.79,-10.54
113454,-59.06,-0.41,-1.97,-9.60
113488,-59.63,-0.54,-1.57,-9.36
113525,-51.69,-0.67,-1.45,-9.30
113557,-53.25,0.38,-1.65,-11.03
113591,-49.75,-0.30,-1.93,-10.11
113630,-46.56,-0.15,-1.57,-9.57
113662,-46.75,-0.44,-1.44,-9.94
113694,-43.44,0.30,-1.38,-10.08
113732,-44.69,-0.47,-1.62,-10.20
113768,-43.88,-0.32,-2.46,-9.65
113799,-43.56,-0.36,-2.06,-9.18
113836,-44.56,0.49,-1.72,-10.02
113870,-39.88,0.11,-1.52,-9.63
113900,-38.63,-0.41,-1.48,-10.03
113938,-33.50,-0.56,-2.11,-9.70
113973,-35.69,-0.38,-2.41,-9.53
114004,-38.88,0.01,-1.59,-10.04
114039,-31.56,-0.04,-1.53,-10.14
114078,-31.50,0.18,-1.83,-9.30
114110,-31.37,-0.13,-2.15,-9.67
114142,-31.00,-0.27,-1.64,-9.58
114180,-31.31,0.01,-1.55,-10.05
114213,-28.44,-0.11,-1.63,-9.47
114245,-22.50,-0.42,-1.03,-10.09
114283,-18.87,0.08,-1.54,-9.77
114316,-13.06,-0.20,-1.39,-9.58
114348,-10.31,-0.04,-1.36,-9.58
114384,-7.69,-0.05,-1.55,-9.70
114418,-4.56,-0.08,-1.70,-9.59
114449,-2.38,-0.02,-1.92,-9.62
114485,-2.06,-0.10,-1.95,-9.65
114518,-0.88,-0.10,-1.80,-9.65
114550,0.31,-0.09,-1.70,-9.61
114584,2.00,-0.10,-2.12,-9.67
114616,3.13,-0.14,-2.18,-9.59
114647,-0.56,-0.35,-1.88,-9.53
114681,0.25,-0.13,-1.81,-9.69
114712,1.50,-0.07,-2.02,-9.63
114743,2.00,-0.16,-2.15,-9.61
