80423,36.25,0.81,169.38,
80450,36.25,0.75,169.38,
80477,36.25,0.75,169.38,
80504,36.25,0.69,169.31,
80531,36.25,0.69,169.31,
80559,36.25,0.63,169.31,
80585,36.25,0.63,169.31,
80612,36.25,0.63,169.31,
80640,36.25,0.56,169.25,
80666,36.19,0.56,169.25,
80694,36.13,0.56,169.25,
80720,36.06,0.56,169.25,
80747,36.13,0.56,169.25,
80775,36.25,0.56,169.25,
80801,36.25,0.56,169.25,
80829,36.19,0.56,169.25,
80856,36.13,0.56,169.25,
80882,36.13,0.56,169.25,
80910,36.19,0.56,169.25,
80936,36.19,0.56,169.25,
80964,36.13,0.50,169.25,
80991,36.13,0.44,169.25,
81017,36.19,0.44,169.25,
81045,36.19,0.44,169.25,
81072,36.13,0.44,169.25,
81099,36.13,0.44,169.25,
81126,36.06,0.37,169.25,
81154,36.06,0.37,169.25,
81180,36.06,0.37,169.25,
81207,36.06,0.31,169.31,
81234,36.06,0.25,169.44,
81261,36.13,0.19,169.44,
81289,36.25,0.12,169.50,
81315,36.50,0.00,169.50,
81342,36.81,-0.06,169.50,
81371,37.13,-0.19,169.50,
81398,37.56,-0.25,169.50,
81427,38.00,-0.31,169.56,
81455,38.25,-0.37,169.56,
81482,38.31,-0.37,169.56,
81511,38.31,-0.37,169.56,
81539,38.31,-0.37,169.56,
81567,38.44,-0.37,169.56,
81595,38.63,-0.44,169.56,
81624,39.00,-0.56,169.63,
81651,39.25,-0.63,169.63,
81679,39.81,-0.75,169.69,
81708,40.44,-0.88,169.69,
81735,41.19,-0.94,169.69,
81764,42.00,-1.06,169.75,
81792,42.56,-1.19,169.75,
81820,43.50,-1.37,169.81,
81848,44.69,-1.56,169.88,
81875,46.00,-1.81,169.94,
81904,47.31,-2.13,169.94,
81932,48.75,-2.38,169.94,
81960,49.69,-2.56,169.94,
81988,51.13,-2.81,170.06,
82016,52.50,-3.00,170.13,
82044,53.81,-3.25,170.25,
82072,55.31,-3.50,170.31,
82101,56.31,-3.69,170.44,
82128,57.94,-3.94,170.56,
82157,59.50,-4.25,170.63,
82185,61.06,-4.50,170.75,
82212,62.19,-4.69,170.81,
82241,63.88,-5.00,170.94,
82269,65.50,-5.31,171.06,
82297,67.19,-5.50,171.25,
82325,69.00,-5.75,171.44,
82354,70.87,-6.06,171.69,
82381,72.12,-6.25,171.81,
82409,74.00,-6.50,172.00,
82438,75.87,-6.81,172.25,
82465,77.62,-7.00,172.44,
82494,79.44,-7.19,172.56,
82522,80.75,-7.38,172.75,
82550,82.81,-7.69,173.06,
82578,84.87,-7.94,173.31,
82606,86.94,-8.19,173.56,
82634,88.94,-8.50,173.81,
82662,90.25,-8.69,174.06,
82691,92.25,-8.88,174.31,
82718,94.25,-9.00,174.69,
82746,96.37,-9.25,175.00,
82775,98.50,-9.44,175.38,
82802,99.87,-9.56,175.63,
82831,101.81,-9.69,175.94,
82860,103.81,-9.75,176.25,
82889,105.81,-9.75,176.31,
82918,107.81,-9.88,176.75,
82947,109.94,-10.06,177.19,
82977,112.00,-10.25,177.44,
83007,114.06,-10.25,177.81,
83038,116.19,-10.31,178.13,
83067,118.31,-10.44,178.56,
83098,120.44,-10.50,178.94,
83128,122.50,-10.50,179.31,
83159,124.50,-10.50,179.69,
83188,126.56,-10.56,-179.94,
83220,128.63,-10.50,-179.56,
83251,130.63,-10.44,-179.13,
83282,132.75,-10.31,-179.13,
83313,134.94,-10.31,-178.75,
83344,137.75,-10.19,-178.31,
83376,139.88,-10.13,-177.94,
83406,142.00,-10.13,-177.56,
83438,144.19,-10.00,-177.19,
83469,146.31,-9.94,-176.75,
83500,148.38,-9.88,-176.44,
83529,150.50,-9.69,-176.13,
83560,152.56,-9.56,-175.75,
83590,154.75,-9.44,-175.44,
83620,156.94,-9.31,-175.06,
83650,159.13,-9.19,-174.69,
83680,161.13,-8.94,-174.44,
83710,163.19,-8.75,-174.13,
83740,165.25,-8.50,-173.81,
83771,167.31,-8.31,-173.50,
83801,169.50,-8.06,-173.13,
83831,171.69,-7.88,-172.81,
83861,173.75,-7.69,-172.56,
83892,175.81,-7.38,-172.31,
83921,177.81,-7.06,-172.06,
83952,179.81,-6.88,-171.81,
83982,181.81,-6.69,-171.56,
84012,183.75,-6.44,-171.31,
84042,185.56,-6.13,-171.13,
84072,187.19,-5.88,-170.94,
84103,188.81,-5.63,-170.81,
84132,190.38,-5.38,-171.38,
84163,191.81,-5.19,-171.25,
84193,193.13,-5.00,-171.13,
84224,194.44,-4.75,-171.00,
84253,195.75,-4.56,-170.88,
84284,197.06,-4.38,-170.75,
84314,198.38,-4.13,-170.63,
84343,199.56,-3.94,-172.00,
84374,200.88,-3.69,-173.88,
84404,202.19,-3.56,-175.63,
84434,203.56,-3.44,-176.63,
84464,205.00,-3.38,-176.56,
84495,206.38,-3.31,-176.50,
84525,207.69,-3.25,-176.44,
84555,208.88,-3.13,-176.88,
84585,210.06,-3.06,-176.81,
84616,211.13,-2.81,-177.94,
84645,212.13,-2.81,-177.88,
84675,213.00,-2.56,-179.00,
84706,213.88,-2.56,-178.94,
84736,214.63,-2.38,179.81,
84765,215.31,-2.25,178.69,
84794,215.81,-2.25,178.38,
84824,216.31,-2.25,178.00,
84852,216.69,-2.06,176.94,
84882,217.00,-2.00,175.94,
84911,217.25,-1.94,175.13,
84939,217.44,-1.88,174.31,
84969,217.50,-1.88,173.63,
84998,217.56,-1.75,173.06,
85027,217.56,-1.69,172.56,
85056,217.50,-1.69,172.38,
85086,217.50,-1.75,172.13,
85114,217.50,-1.75,172.00,
85143,217.50,-1.75,171.75,
85173,217.50,-1.75,171.56,
85201,217.50,-1.75,171.44,
85231,217.50,-1.75,171.25,
85260,217.50,-1.75,171.13,
85289,217.50,-1.75,171.00,
85318,217.50,-1.75,170.94,
85348,217.50,-1.75,170.81,
85377,217.50,-1.75,170.75,
85405,217.50,-1.75,170.69,
85435,217.50,-1.75,170.63,
85464,217.50,-1.75,170.50,
85493,217.50,-1.75,170.44,
85522,217.44,-1.75,170.44,
85552,217.38,-1.75,170.44,
85580,217.31,-1.69,170.44,
85609,217.19,-1.69,170.38,
85639,217.06,-1.69,170.31,
85667,216.94,-1.69,170.25,
85697,216.88,-1.69,170.25,
85726,216.81,-1.69,170.19,
85755,216.81,-1.69,170.19,
85784,216.81,-1.69,170.19,
85814,216.81,-1.69,170.13,
85842,216.81,-1.69,170.13,
85871,216.75,-1.69,170.06,
85901,216.75,-1.69,170.00,
85929,216.75,-1.69,169.94,
85959,216.75,-1.69,169.94,
85988,216.75,-1.69,169.88,
86018,216.75,-1.69,169.88,
