346492,-0.37,-0.10,-1.91,-9.60
346525,-0.12,-0.10,-1.90,-9.67
346559,-0.06,-0.11,-1.96,-9.59
346593,-0.37,-0.07,-1.90,-9.63
346626,-0.44,-0.10,-1.90,-9.63
346659,-0.19,-0.10,-1.92,-9.67
346692,0.00,-0.11,-1.89,-9.60
346724,-0.37,-0.06,-1.85,-9.67
346758,-0.37,-0.07,-1.92,-9.56
346790,0.19,-0.18,-1.93,-9.70
346823,0.56,-0.09,-1.86,-9.68
346855,0.50,-0.09,-1.88,-9.65
346886,0.37,-0.14,-1.86,-9.61
346920,-0.25,-0.10,-1.84,-9.73
346953,-0.75,-0.07,-1.87,-9.64
346984,-1.12,-0.08,-1.89,-9.62
347020,-1.12,-0.11,-1.91,-9.74
347053,-0.88,-0.08,-1.91,-9.60
347084,-1.00,-0.07,-1.88,-9.64
347120,-1.00,-0.10,-1.89,-9.72
347153,-0.81,-0.08,-1.91,-9.60
347184,-0.75,-0.07,-1.93,-9.61
347219,-0.50,-0.08,-1.90,-9.77
347253,-0.19,-0.09,-1.90,-9.57
347284,-0.12,-0.06,-1.90,-9.64
347320,-0.37,-0.10,-1.88,-9.66
347353,-0.19,-0.05,-1.91,-9.60
347383,0.06,-0.08,-1.89,-9.60
347417,-1.25,-0.08,-1.80,-9.73
347449,-2.38,-0.07,-1.81,-9.57
347482,-3.38,-0.08,-1.81,-9.61
347517,-4.69,-0.03,-1.74,-9.76
347548,-7.00,0.06,-1.86,-9.74
347581,-9.06,-0.01,-1.77,-9.66
347616,-12.06,-0.05,-1.66,-9.75
347648,-17.00,-0.05,-1.58,-9.58
347682,-21.12,0.00,-1.55,-9.54
347718,-26.62,0.06,-1.57,-9.81
347749,-31.94,0.06,-1.43,-9.58
347783,-36.81,0.03,-1.66,-9.68
347817,-39.50,-0.03,-1.70,-9.56
347849,-43.19,0.04,-1.70,-9.69
347883,-46.19,0.00,-1.63,-9.56
347919,-50.13,0.05,-1.69,-9.77
347950,-52.06,0.06,-1.79,-9.67
347983,-52.63,0.00,-1.91,-9.59
348018,-53.06,0.00,-1.86,-9.69
348049,-54.56,0.05,-1.76,-9.61
348083,-56.94,0.07,-1.70,-9.63
348119,-59.50,0.08,-1.68,-9.68
348149,-63.38,0.13,-1.67,-9.60
348183,-65.94,0.11,-1.72,-9.62
348218,-68.62,0.11,-1.70,-9.69
348249,-72.87,0.17,-1.61,-9.61
348283,-76.62,0.16,-1.60,-9.68
348318,-80.06,0.19,-1.65,-9.73
348349,-83.37,0.21,-1.65,-9.61
348383,-87.50,0.23,-1.66,-9.67
348418,-90.56,0.24,-1.70,-9.73
348448,-93.37,0.24,-1.73,-9.59
348483,-96.31,0.27,-1.73,-9.67
348517,-98.19,0.28,-1.80,-9.78
348549,-99.50,0.26,-1.84,-9.60
348583,-100.62,0.27,-1.86,-9.66
348618,-101.06,0.25,-1.88,-9.74
348650,-101.62,0.24,-1.88,-9.62
348685,-101.69,0.23,-1.90,-9.65
348722,-102.06,0.26,-1.88,-9.74
348753,-103.00,0.27,-1.83,-9.60
348787,-104.19,0.28,-1.83,-9.65
348825,-105.44,0.27,-1.78,-9.74
348858,-106.94,0.30,-1.79,-9.60
348891,-108.56,0.28,-1.81,-9.64
348928,-109.56,0.29,-1.84,-9.71
348961,-110.75,0.28,-1.87,-9.61
348994,-111.00,0.25,-1.92,-9.65
349031,-110.37,0.21,-1.96,-9.58
349066,-109.94,0.23,-1.99,-9.72
349096,-108.94,0.17,-2.04,-9.59
349133,-106.75,0.14,-2.05,-9.70
349167,-104.94,0.11,-2.08,-9.74
349200,-102.50,0.11,-2.13,-9.62
349235,-98.69,0.06,-2.18,-9.69
349270,-95.94,0.07,-2.12,-9.77
349300,-93.25,0.00,-2.11,-9.56
349335,-89.81,0.00,-2.14,-9.73
349369,-87.31,-0.03,-2.06,-9.73
349402,-85.62,-0.06,-2.01,-9.55
349436,-83.19,-0.03,-2.06,-9.63
349472,-80.31,-0.07,-2.07,-9.72
349504,-78.50,-0.08,-2.04,-9.66
349539,-77.56,-0.07,-1.94,-9.64
349576,-76.25,-0.10,-1.96,-9.72
349608,-75.12,-0.09,-2.01,-9.61
349641,-73.69,-0.10,-1.99,-9.66
349679,-73.12,-0.10,-1.95,-9.67
349712,-72.25,-0.13,-1.96,-9.62
349745,-71.62,-0.09,-1.99,-9.69
349782,-71.44,-0.12,-1.91,-9.60
349815,-71.69,-0.10,-1.91,-9.63
349847,-72.37,-0.09,-1.84,-9.63
349884,-74.06,-0.07,-1.84,-9.63
349919,-75.62,-0.02,-1.80,-9.74
349950,-77.56,-0.04,-1.83,-9.56
349986,-79.87,-0.03,-1.81,-9.63
350021,-81.50,0.00,-1.85,-9.75
350052,-83.37,0.00,-1.83,-9.65
350087,-86.12,0.00,-1.84,-9.68
350121,-87.87,0.05,-1.84,-9.78
350152,-89.87,0.04,-1.81,-9.57
350187,-92.62,0.05,-1.89,-9.65
350221,-94.19,0.08,-1.92,-9.77
350252,-95.44,0.07,-1.91,-9.56
350286,-96.94,0.10,-1.96,-9.66
350320,-98.00,0.07,-2.00,-9.71
350352,-98.75,0.11,-2.00,-9.60
350387,-99.94,0.11,-1.99,-9.64
350420,-100.56,0.14,-2.01,-9.77
350453,-101.44,0.13,-2.02,-9.59
350488,-102.19,0.15,-2.05,-9.61
350524,-102.81,0.11,-2.05,-9.73
350556,-102.81,0.11,-2.08,-9.59
350590,-102.87,0.13,-2.09,-9.60
350627,-102.94,0.17,-2.12,-9.72
350660,-102.69,0.14,-2.10,-9.64
350693,-102.37,0.14,-2.14,-9.64
350730,-101.69,0.15,-2.14,-9.70
350764,-101.19,0.13,-2.17,-9.66
350796,-100.31,0.13,-2.16,-9.62
350832,-99.44,0.11,-2.16,-9.72
350865,-97.81,0.11,-2.21,-9.59
350897,-96.06,0.07,-2.25,-9.59
350932,-93.12,0.06,-2.35,-9.72
350965,-88.25,0.02,-2.39,-9.61
350997,-83.87,-0.04,-2.40,-9.56
351033,-79.75,0.00,-2.40,-9.74
351067,-74.31,-0.07,-2.35,-9.62
351098,-70.50,-0.08,-2.36,-9.60
351135,-65.81,-0.08,-2.31,-9.63
351170,-62.56,-0.07,-2.26,-9.62
351202,-59.44,-0.09,-2.26,-9.61
351238,-55.50,-0.11,-2.28,-9.65
351272,-52.75,-0.08,-2.24,-9.80
351304,-50.25,-0.13,-2.20,-9.54
351340,-48.13,-0.07,-2.08,-9.66
351376,-48.13,-0.03,-1.98,-9.71
351408,-49.31,-0.01,-1.91,-9.59
351441,-51.13,0.00,-1.83,-9.62
351477,-55.13,0.04,-1.75,-9.74
351508,-58.25,0.04,-1.82,-9.62
351542,-59.94,0.02,-1.97,-9.62
351578,-60.63,0.00,-2.03,-9.69
351608,-60.19,0.02,-2.06,-9.64
351641,-59.75,0.02,-2.04,-9.65
351677,-59.38,0.00,-2.04,-9.72
351708,-59.50,0.01,-1.95,-9.50
351741,-60.00,-0.02,-2.01,-9.60
351778,-59.38,0.05,-2.06,-9.84
351809,-58.38,0.00,-2.12,-9.53
351842,-57.06,0.00,-2.09,-9.63
351878,-56.25,-0.02,-2.04,-9.74
351909,-55.31,0.00,-2.07,-9.57
351943,-54.69,-0.03,-2.01,-9.57
351980,-54.50,0.06,-2.01,-9.73
352011,-53.81,-0.01,-2.05,-9.60
352045,-52.63,-0.02,-2.04,-9.65
352081,-51.06,-0.02,-2.09,-9.71
352115,-49.88,-0.01,-2.04,-9.60
352148,-48.75,-0.02,-2.01,-9.64
352185,-47.63,-0.04,-2.09,-9.66
352219,-46.13,-0.05,-2.03,-9.61
352250,-45.50,-0.01,-1.99,-9.63
352287,-44.44,-0.05,-2.04,-9.61
352322,-42.94,-0.05,-2.05,-9.64
352354,-41.69,-0.05,-2.05,-9.62
352391,-39.19,-0.07,-2.11,-9.71
352424,-36.69,-0.09,-2.16,-9.72
352457,-33.94,-0.12,-2.16,-9.59
352492,-29.56,-0.11,-2.21,-9.60
352528,-25.37,-0.10,-2.16,-9.77
352560,-22.56,-0.14,-2.12,-9.59
352594,-20.25,-0.11,-2.05,-9.62
352631,-17.81,-0.13,-2.09,-9.71
352665,-15.75,-0.13,-2.07,-9.66
352697,-13.69,-0.11,-2.05,-9.63
352734,-11.50,-0.11,-2.03,-9.68
352768,-9.56,-0.13,-2.10,-9.63
352799,-6.56,-0.13,-2.09,-9.61
352835,-4.19,-0.14,-2.11,-9.64
352868,-1.50,-0.14,-2.12,-9.59
352900,1.12,-0.10,-2.01,-9.63
352933,1.94,-0.07,-1.92,-9.72
352965,2.13,-0.08,-1.90,-9.57
352996,2.00,-0.07,-1.86,-9.64
353031,0.88,-0.04,-1.78,-9.72
353063,-0.56,-0.09,-1.82,-9.58
353093,-1.31,-0.08,-1.84,-9.62
353129,-2.31,-0.05,-1.87,-9.72
353160,-2.44,-0.10,-1.95,-9.58
353193,-1.56,-0.10,-1.96,-9.63
353229,-0.75,-0.10,-1.92,-9.70
353263,-0.12,-0.12,-1.98,-9.59
353294,0.75,-0.11,-1.95,-9.61
353328,1.12,-0.09,-1.90,-9.70
353359,1.00,-0.09,-1.88,-9.59
353392,0.69,-0.07,-1.87,-9.71
353425,0.31,-0.07,-1.87,-9.62
353457,0.06,-0.08,-1.88,-9.60
353489,-0.25,-0.08,-1.88,-9.64
353522,-0.44,-0.07,-1.95,-9.62
353556,0.00,-0.09,-1.94,-9.59
353588,0.69,-0.11,-1.95,-9.64
353619,1.12,-0.10,-1.88,-9.62
353650,0.56,-0.08,-1.85,-9.61
353685,-0.06,-0.06,-1.87,-9.74
353718,-0.25,-0.07,-1.89,-9.58
353748,0.06,-0.10,-1.99,-9.62
353783,1.56,-0.13,-2.01,-9.72
353813,2.06,-0.10,-1.90,-9.59
353846,2.06,-0.10,-1.91,-9.64
