87786,-0.06,-0.18,-1.87,-9.66
87821,0.06,-0.17,-1.89,-9.74
87852,0.00,-0.08,-1.85,-9.49
87881,0.06,-0.23,-1.86,-9.68
87914,0.12,-0.22,-1.84,-9.73
87945,0.00,-0.19,-1.90,-9.64
87975,-0.12,-0.19,-1.88,-9.69
88008,0.06,-0.18,-1.87,-9.65
88038,0.06,-0.14,-1.87,-9.64
88071,-0.12,-0.24,-1.91,-9.74
88103,0.00,-0.17,-1.88,-9.63
88132,-0.12,-0.12,-1.90,-9.71
88166,0.06,-0.15,-1.87,-9.75
88198,0.06,-0.16,-1.85,-9.64
88228,0.00,-0.17,-1.89,-9.71
88261,0.00,-0.17,-1.87,-9.68
88291,0.06,-0.17,-1.85,-9.67
88323,0.06,-0.15,-1.85,-9.73
88354,0.00,-0.16,-1.86,-9.61
88383,0.00,-0.17,-1.88,-9.67
88416,-0.12,-0.18,-1.86,-9.77
88448,0.00,-0.17,-1.86,-9.64
88479,0.12,-0.24,-1.89,-9.70
88511,0.00,-0.17,-1.85,-9.63
88541,0.00,-0.19,-1.86,-9.66
88573,0.00,-0.21,-1.85,-9.73
88604,0.00,-0.19,-1.86,-9.65
88633,0.06,-0.17,-1.88,-9.69
88667,0.00,-0.13,-1.87,-9.74
88697,0.00,-0.20,-1.86,-9.62
88729,-0.06,-0.17,-1.87,-9.71
88762,0.12,-0.16,-1.86,-9.64
88793,0.00,-0.17,-1.87,-9.66
88824,0.00,-0.19,-1.87,-9.75
88855,0.00,-0.18,-1.88,-9.65
88884,-0.06,-0.19,-1.86,-9.64
88918,0.12,-0.18,-1.86,-9.71
88949,0.12,-0.17,-1.90,-9.62
88981,-0.12,-0.17,-1.86,-9.67
89014,0.00,-0.17,-1.86,-9.66
89044,0.06,-0.17,-1.86,-9.62
89076,-0.06,-0.18,-1.86,-9.69
89107,0.06,-0.18,-1.85,-9.67
89137,0.00,-0.17,-1.85,-9.66
89169,0.06,-0.16,-1.86,-9.73
89202,0.00,-0.17,-1.87,-9.62
89232,-0.06,-0.15,-1.87,-9.67
89266,0.06,-0.18,-1.86,-9.66
89296,-0.06,-0.16,-1.87,-9.62
89328,0.12,-0.18,-1.86,-9.67
89359,0.00,-0.17,-1.86,-9.63
89389,0.00,-0.18,-1.87,-9.65
89422,0.00,-0.17,-1.86,-9.77
89453,-0.06,-0.16,-1.85,-9.62
89484,-0.06,-0.17,-1.86,-9.66
89517,-0.06,-0.18,-1.87,-9.75
89549,0.06,-0.16,-1.86,-9.62
89581,0.00,-0.16,-1.86,-9.71
89613,-0.12,-0.17,-1.87,-9.64
89644,-0.06,-0.15,-1.85,-9.65
89676,0.00,-0.18,-1.87,-9.68
89707,-0.12,-0.18,-1.86,-9.65
89738,0.06,-0.15,-1.88,-9.67
89772,-0.12,-0.18,-1.86,-9.72
89804,-0.06,-0.18,-1.88,-9.66
89834,0.00,-0.19,-1.86,-9.71
89867,-0.12,-0.17,-1.88,-9.75
89899,0.06,-0.17,-1.87,-9.63
89930,0.00,-0.17,-1.85,-9.68
89962,-0.12,-0.17,-1.89,-9.72
89993,-0.12,-0.18,-1.87,-9.67
90027,0.06,-0.18,-1.88,-9.73
90057,0.06,-0.17,-1.86,-9.64
90086,0.00,-0.20,-1.88,-9.65
90120,-0.06,-0.17,-1.87,-9.72
90151,-0.06,-0.16,-1.86,-9.63
90183,-0.06,-0.18,-1.88,-9.66
90217,0.06,-0.17,-1.86,-9.61
90248,0.06,-0.16,-1.87,-9.63
90278,0.12,-0.16,-1.87,-9.71
90309,0.06,-0.19,-1.86,-9.61
90339,0.00,-0.18,-1.87,-9.63
90373,0.06,-0.16,-1.88,-9.77
90404,0.06,-0.17,-1.87,-9.64
90434,0.06,-0.20,-1.85,-9.72
90466,-0.06,-0.16,-1.87,-9.64
90498,-0.06,-0.17,-1.87,-9.63
90530,-0.06,-0.17,-1.88,-9.69
90563,0.00,-0.17,-1.85,-9.64
90593,-0.06,-0.18,-1.86,-9.66
90627,-0.06,-0.17,-1.87,-9.74
90658,0.00,-0.17,-1.86,-9.69
90688,0.00,-0.16,-1.87,-9.67
90721,0.12,-0.17,-1.87,-9.74
90752,0.00,-0.18,-1.86,-9.64
90783,-0.12,-0.17,-1.87,-9.69
90816,0.06,-0.17,-1.88,-9.69
90847,0.06,-0.17,-1.89,-9.63
90878,0.00,-0.14,-1.86,-9.67
90909,-0.06,-0.18,-1.87,-9.62
90939,0.06,-0.17,-1.88,-9.63
90972,0.06,-0.18,-1.87,-9.75
91003,0.06,-0.17,-1.87,-9.62
91034,0.00,-0.18,-1.87,-9.69
91067,0.00,-0.17,-1.87,-9.62
91098,0.06,-0.18,-1.86,-9.67
91128,-0.12,-0.17,-1.87,-9.72
91160,-0.12,-0.18,-1.87,-9.63
91191,-0.06,-0.17,-1.87,-9.65
91226,-0.06,-0.18,-1.87,-9.76
91257,0.00,-0.17,-1.86,-9.61
91287,0.00,-0.17,-1.87,-9.67
91320,0.00,-0.16,-1.86,-9.73
91351,0.00,-0.14,-1.86,-9.63
91382,-0.12,-0.16,-1.87,-9.69
91415,-0.06,-0.16,-1.87,-9.65
91446,0.12,-0.18,-1.85,-9.66
91479,-0.06,-0.18,-1.87,-9.73
91510,0.00,-0.16,-1.87,-9.71
91539,-0.12,-0.19,-1.84,-9.67
91573,0.00,-0.19,-1.88,-9.75
91606,0.06,-0.17,-1.86,-9.63
91635,0.06,-0.18,-1.87,-9.67
91667,0.00,-0.17,-1.87,-9.69
91699,0.06,-0.15,-1.86,-9.68
91729,-0.06,-0.18,-1.89,-9.74
91761,-0.12,-0.19,-1.87,-9.63
91792,0.00,-0.20,-1.87,-9.65
91826,-0.06,-0.16,-1.85,-9.76
91857,0.06,-0.16,-1.88,-9.62
91887,-0.12,-0.15,-1.87,-9.65
91921,0.00,-0.18,-1.85,-9.73
91952,0.06,-0.15,-1.87,-9.59
91983,0.00,-0.17,-1.86,-9.72
92014,0.12,-0.15,-1.86,-9.63
92044,-0.06,-0.16,-1.87,-9.63
92079,0.06,-0.19,-1.87,-9.72
92109,0.00,-0.16,-1.87,-9.63
92138,0.12,-0.17,-1.89,-9.65
92171,0.00,-0.17,-1.86,-9.72
92203,0.00,-0.18,-1.84,-9.63
92234,0.06,-0.19,-1.87,-9.69
92265,0.06,-0.18,-1.86,-9.67
92295,0.06,-0.17,-1.86,-9.64
92327,0.06,-0.18,-1.85,-9.74
92359,0.00,-0.16,-1.88,-9.65
92388,0.06,-0.20,-1.85,-9.72
92421,0.06,-0.17,-1.89,-9.71
92452,0.00,-0.16,-1.86,-9.61
92483,0.12,-0.17,-1.86,-9.68
92515,-0.06,-0.19,-1.87,-9.69
92545,-0.06,-0.15,-1.87,-9.70
92579,0.00,-0.18,-1.86,-9.75
92611,0.06,-0.19,-1.89,-9.62
92639,-0.06,-0.16,-1.84,-9.65
92674,0.06,-0.20,-1.86,-9.73
92704,0.06,-0.17,-1.87,-9.64
92736,0.00,-0.17,-1.85,-9.66
92768,0.00,-0.14,-1.87,-9.61
92798,0.06,-0.18,-1.87,-9.64
92830,-0.06,-0.18,-1.87,-9.73
92862,0.00,-0.16,-1.85,-9.62
92892,0.06,-0.16,-1.89,-9.64
92924,0.00,-0.18,-1.86,-9.75
92955,0.00,-0.17,-1.86,-9.63
92987,0.00,-0.18,-1.87,-9.70
93019,-0.06,-0.15,-1.87,-9.62
93050,0.00,-0.15,-1.85,-9.67
93082,0.00,-0.16,-1.86,-9.68
93112,-0.06,-0.16,-1.86,-9.68
93143,0.06,-0.18,-1.85,-9.62
93176,-0.06,-0.17,-1.85,-9.75
93209,-0.06,-0.16,-1.87,-9.65
93239,0.00,-0.20,-1.89,-9.70
93272,0.00,-0.17,-1.87,-9.75
93302,0.06,-0.18,-1.88,-9.64
93334,0.00,-0.16,-1.85,-9.66
93365,-0.06,-0.18,-1.88,-9.72
93395,-0.12,-0.18,-1.85,-9.66
93430,0.00,-0.17,-1.85,-9.74
93462,-0.06,-0.16,-1.87,-9.61
93491,0.00,-0.18,-1.87,-9.65
93524,0.06,-0.14,-1.86,-9.74
93555,0.06,-0.16,-1.87,-9.64
93587,-0.12,-0.18,-1.86,-9.68
93620,0.00,-0.18,-1.88,-9.63
93649,0.00,-0.17,-1.88,-9.63
93682,0.00,-0.17,-1.90,-9.76
93713,0.00,-0.18,-1.89,-9.66
93742,0.12,-0.17,-1.85,-9.65
93774,0.06,-0.16,-1.90,-9.76
93806,0.00,-0.17,-1.87,-9.62
93838,0.06,-0.17,-1.85,-9.71
93870,0.00,-0.17,-1.86,-9.60
93899,0.06,-0.16,-1.86,-9.63
93932,0.06,-0.17,-1.85,-9.76
93963,0.00,-0.17,-1.87,-9.62
93991,-0.06,-0.16,-1.87,-9.62
94025,-0.06,-0.19,-1.86,-9.73
94058,-0.12,-0.16,-1.85,-9.61
94090,0.00,-0.17,-1.86,-9.70
94121,0.12,-0.18,-1.88,-9.67
94153,0.00,-0.20,-1.88,-9.62
94184,0.12,-0.18,-1.88,-9.69
94215,-0.12,-0.19,-1.88,-9.69
94245,-0.12,-0.18,-1.88,-9.67
94280,0.06,-0.16,-1.85,-9.76
94311,0.00,-0.14,-1.89,-9.60
94341,-0.12,-0.18,-1.86,-9.69
94374,-0.12,-0.16,-1.89,-9.78
94406,-0.12,-0.18,-1.85,-9.63
94439,0.00,-0.21,-1.88,-9.73
94471,-0.06,-0.19,-1.88,-9.61
94502,-0.06,-0.18,-1.87,-9.65
94534,0.06,-0.18,-1.87,-9.67
94565,0.12,-0.16,-1.86,-9.61
94595,0.06,-0.17,-1.86,-9.66
94627,0.12,-0.16,-1.89,-9.74
94659,0.06,-0.17,-1.88,-9.64
94690,0.00,-0.18,-1.86,-9.70
94722,0.06,-0.18,-1.86,-9.65
94753,0.00,-0.16,-1.88,-9.66
94784,0.00,-0.17,-1.87,-9.71
94815,0.06,-0.18,-1.87,-9.66
94844,0.12,-0.18,-1.88,-9.65
94877,0.19,-0.18,-1.86,-9.75
94909,0.00,-0.18,-1.86,-9.61
94940,0.06,-0.16,-1.87,-9.70
94971,-0.06,-0.15,-1.86,-9.69
95004,0.12,-0.17,-1.88,-9.65
95035,0.00,-0.18,-1.85,-9.69
95066,0.00,-0.16,-1.87,-9.69
95095,0.00,-0.17,-1.85,-9.67
95128,0.06,-0.17,-1.87,-9.77
95160,0.00,-0.16,-1.87,-9.62
95191,-0.06,-0.16,-1.88,-9.72
95223,0.06,-0.19,-1.87,-9.69
95254,0.00,-0.18,-1.86,-9.67
95286,0.06,-0.18,-1.87,-9.74
95315,0.00,-0.18,-1.86,-9.63
95345,-0.06,-0.16,-1.83,-9.66
95380,0.06,-0.18,-1.85,-9.76
95412,-0.06,-0.16,-1.87,-9.61
95442,0.00,-0.19,-1.88,-9.65
95474,0.00,-0.19,-1.87,-9.61
95506,-0.06,-0.18,-1.85,-9.64
95538,0.06,-0.18,-1.84,-9.71
95568,-0.06,-0.15,-1.87,-9.62
95600,0.00,-0.17,-1.87,-9.63
95633,-0.12,-0.16,-1.87,-9.75
95665,-0.06,-0.17,-1.86,-9.63
95695,0.00,-0.16,-1.86,-9.66
95728,0.06,-0.15,-1.85,-9.74
95759,0.00,-0.16,-1.87,-9.64
95791,-0.06,-0.16,-1.84,-9.70
95823,0.06,-0.18,-1.87,-9.63
95854,0.00,-0.16,-1.85,-9.66
95886,-0.12,-0.18,-1.87,-9.71
95918,-0.12,-0.16,-1.87,-9.72
95948,0.00,-0.18,-1.84,-9.67
95981,-0.06,-0.16,-1.88,-9.73
96014,-0.12,-0.18,-1.86,-9.62
96044,0.06,-0.17,-1.86,-9.65
96076,0.00,-0.17,-1.86,-9.75
96107,-0.12,-0.18,-1.87,-9.59
96140,0.00,-0.19,-1.87,-9.72
96172,0.00,-0.18,-1.84,-9.63
96201,0.06,-0.17,-1.87,-9.66
96234,0.00,-0.17,-1.86,-9.74
96266,0.06,-0.14,-1.88,-9.65
96294,0.00,-0.19,-1.87,-9.64
96327,0.06,-0.16,-1.88,-9.74
96358,0.00,-0.17,-1.87,-9.63
96390,0.06,-0.16,-1.84,-9.70
96420,0.00,-0.17,-1.85,-9.63
96450,0.12,-0.18,-1.87,-9.65
96484,0.00,-0.18,-1.85,-9.78
96515,0.00,-0.16,-1.86,-9.63
96544,-0.06,-0.17,-1.90,-9.68
96578,0.12,-0.17,-1.84,-9.75
96609,0.06,-0.19,-1.87,-9.64
96641,-0.06,-0.17,-1.85,-9.69
96673,-0.06,-0.16,-1.88,-9.68
96705,-0.06,-0.15,-1.85,-9.63
96738,-0.12,-0.16,-1.86,-9.69
96770,0.00,-0.17,-1.87,-9.62
96799,0.00,-0.18,-1.86,-9.69
96832,0.06,-0.17,-1.85,-9.76
96864,0.00,-0.17,-1.85,-9.62
96893,0.12,-0.18,-1.86,-9.67
96926,0.00,-0.17,-1.83,-9.71
96957,0.00,-0.16,-1.88,-9.64
96988,-0.06,-0.18,-1.89,-9.72
97019,0.00,-0.18,-1.89,-9.62
97049,0.00,-0.19,-1.87,-9.64
97082,-0.06,-0.17,-1.85,-9.75
97115,-0.06,-0.15,-1.90,-9.62
97145,0.06,-0.18,-1.87,-9.72
97178,-0.06,-0.18,-1.86,-9.73
97210,-0.06,-0.17,-1.88,-9.64
97243,0.06,-0.19,-1.87,-9.71
97274,0.00,-0.16,-1.86,-9.63
97304,0.06,-0.15,-1.87,-9.67
97337,0.00,-0.20,-1.87,-9.77
97368,0.00,-0.19,-1.87,-9.63
97396,0.00,-0.18,-1.87,-9.64
97429,0.06,-0.15,-1.87,-9.73
97461,-0.06,-0.18,-1.86,-9.62
97494,-0.06,-0.17,-1.85,-9.69
97525,0.00,-0.17,-1.86,-9.69
97556,0.00,-0.18,-1.88,-9.63
97588,0.06,-0.18,-1.87,-9.72
97618,0.00,-0.17,-1.88,-9.64
97648,-0.06,-0.18,-1.86,-9.65
97682,0.00,-0.17,-1.89,-9.77
97714,0.00,-0.15,-1.87,-9.61
97744,0.00,-0.17,-1.86,-9.68
97776,-0.06,-0.15,-1.87,-9.72
97809,-0.06,-0.18,-1.86,-9.62
97841,0.00,-0.19,-1.86,-9.72
97871,0.00,-0.16,-1.87,-9.61
97901,0.00,-0.15,-1.88,-9.65
97935,0.00,-0.16,-1.89,-9.76
97966,0.06,-0.17,-1.90,-9.64
97995,0.00,-0.16,-1.88,-9.71
98028,-0.06,-0.18,-1.86,-9.63
98060,-0.06,-0.15,-1.87,-9.64
98093,0.00,-0.17,-1.88,-9.72
98123,0.12,-0.17,-1.87,-9.65
98153,-0.06,-0.17,-1.86,-9.65
98187,0.00,-0.18,-1.86,-9.75
98219,0.00,-0.17,-1.86,-9.62
98247,-0.06,-0.16,-1.88,-9.68
98281,0.06,-0.16,-1.85,-9.73
98312,0.00,-0.15,-1.88,-9.63
98343,0.12,-0.16,-1.88,-9.69
98375,-0.06,-0.19,-1.85,-9.68
98407,0.06,-0.15,-1.85,-9.66
98440,0.00,-0.19,-1.86,-9.73
98470,0.00,-0.17,-1.86,-9.66
98499,0.06,-0.18,-1.87,-9.64
98532,0.00,-0.18,-1.87,-9.76
98563,0.06,-0.18,-1.87,-9.63
98594,0.00,-0.18,-1.86,-9.69
98626,0.00,-0.19,-1.88,-9.63
98656,0.00,-0.16,-1.88,-9.68
98689,-0.12,-0.17,-1.87,-9.77
98720,-0.06,-0.17,-1.87,-9.64
98750,0.00,-0.17,-1.85,-9.65
98784,0.06,-0.18,-1.88,-9.74
98816,0.06,-0.15,-1.86,-9.62
98846,0.00,-0.18,-1.87,-9.73
98878,0.00,-0.19,-1.86,-9.60
98909,0.06,-0.15,-1.84,-9.66
98940,-0.06,-0.17,-1.87,-9.76
98971,0.00,-0.15,-1.87,-9.68
99002,0.00,-0.17,-1.86,-9.65
99035,0.00,-0.19,-1.85,-9.74
99065,0.06,-0.17,-1.86,-9.61
99096,-0.06,-0.19,-1.85,-9.73
99130,0.00,-0.16,-1.86,-9.64
99161,-0.06,-0.17,-1.87,-9.63
99192,-0.06,-0.17,-1.86,-9.70
99224,-0.06,-0.15,-1.87,-9.70
99255,-0.06,-0.17,-1.85,-9.66
99290,0.12,-0.17,-1.86,-9.74
99321,-0.06,-0.17,-1.89,-9.61
99350,0.00,-0.17,-1.84,-9.65
99384,0.12,-0.18,-1.85,-9.75
99415,0.00,-0.16,-1.86,-9.67
99446,0.00,-0.16,-1.88,-9.71
99478,-0.06,-0.19,-1.87,-9.63
99510,0.00,-0.15,-1.85,-9.64
99542,0.00,-0.15,-1.85,-9.72
99572,0.00,-0.16,-1.87,-9.66
99601,0.19,-0.17,-1.85,-9.63
99634,-0.06,-0.16,-1.88,-9.75
99667,0.00,-0.19,-1.85,-9.63
99697,0.06,-0.15,-1.86,-9.73
99729,-0.06,-0.16,-1.88,-9.63
99762,-0.06,-0.18,-1.87,-9.64
99793,0.12,-0.15,-1.86,-9.72
99824,0.00,-0.16,-1.85,-9.66
99854,0.06,-0.15,-1.85,-9.66
99888,0.00,-0.17,-1.87,-9.74
99919,0.00,-0.18,-1.87,-9.65
99948,-0.06,-0.19,-1.86,-9.70
99982,-0.06,-0.16,-1.87,-9.74
100014,-0.06,-0.16,-1.85,-9.62
100047,-0.06,-0.16,-1.87,-9.71
100081,-0.06,-0.18,-1.85,-9.69
100114,0.00,-0.16,-1.88,-9.62
100146,-0.06,-0.18,-1.87,-9.69
100179,0.00,-0.17,-1.86,-9.61
100212,-0.06,-0.16,-1.87,-9.66
100245,0.06,-0.18,-1.87,-9.73
100278,0.00,-0.18,-1.87,-9.66
100308,0.06,-0.17,-1.89,-9.66
100342,0.06,-0.18,-1.85,-9.72
100373,0.00,-0.16,-1.87,-9.64
100405,-0.06,-0.15,-1.87,-9.63
100440,-0.06,-0.18,-1.85,-9.74
100473,0.00,-0.18,-1.86,-9.62
100503,0.06,-0.18,-1.84,-9.65
100537,0.00,-0.15,-1.86,-9.76
100570,-0.06,-0.17,-1.87,-9.64
100600,0.06,-0.17,-1.87,-9.62
100634,0.00,-0.15,-1.86,-9.74
100667,0.00,-0.18,-1.88,-9.61
100699,-0.06,-0.16,-1.85,-9.69
100733,-0.06,-0.15,-1.86,-9.74
100765,-0.06,-0.16,-1.87,-9.65
100799,-0.06,-0.18,-1.90,-9.67
100833,0.06,-0.18,-1.87,-9.67
100865,-0.06,-0.18,-1.87,-9.62
100898,-0.06,-0.17,-1.88,-9.68
100932,0.00,-0.20,-1.86,-9.69
100964,0.19,-0.17,-1.87,-9.61
100996,0.06,-0.18,-1.86,-9.67
101028,0.06,-0.17,-1.85,-9.62
101059,-0.06,-0.16,-1.87,-9.63
101094,-0.06,-0.17,-1.85,-9.71
101127,-0.06,-0.16,-1.88,-9.62
101158,0.00,-0.19,-1.85,-9.63
101193,-0.19,-0.16,-1.86,-9.79
101225,0.06,-0.16,-1.87,-9.68
101256,-0.06,-0.16,-1.87,-9.63
101292,0.06,-0.18,-1.88,-9.73
101323,0.00,-0.19,-1.85,-9.63
101353,-0.06,-0.19,-1.86,-9.67
101389,0.00,-0.18,-1.86,-9.75
101422,-0.06,-0.17,-1.87,-9.64
101452,0.00,-0.16,-1.86,-9.67
101486,-0.06,-0.16,-1.87,-9.76
101521,0.00,-0.17,-1.84,-9.64
101551,-0.06,-0.15,-1.87,-9.72
101585,0.00,-0.17,-1.89,-9.74
101617,-0.06,-0.16,-1.86,-9.61
101651,0.06,-0.18,-1.87,-9.68
101684,0.06,-0.18,-1.88,-9.66
101715,0.19,-0.15,-1.87,-9.62
101747,-0.06,-0.17,-1.86,-9.69
101782,-0.12,-0.15,-1.85,-9.70
101815,-0.06,-0.18,-1.84,-9.62
101848,-0.06,-0.19,-1.86,-9.68
101881,-0.12,-0.16,-1.85,-9.61
101914,-0.12,-0.15,-1.89,-9.63
101947,-0.06,-0.15,-1.86,-9.69
101982,-0.06,-0.17,-1.88,-9.66
102014,-0.12,-0.17,-1.85,-9.66
102047,-0.06,-0.17,-1.86,-9.69
102081,-0.12,-0.18,-1.88,-9.67
102114,0.06,-0.18,-1.87,-9.64
102147,0.00,-0.16,-1.86,-9.64
102178,0.06,-0.18,-1.86,-9.63
102209,0.00,-0.19,-1.85,-9.64
102243,0.00,-0.17,-1.87,-9.75
102276,0.00,-0.16,-1.85,-9.62
102305,0.00,-0.18,-1.88,-9.65
102339,-0.06,-0.17,-1.87,-9.73
102373,-0.06,-0.18,-1.86,-9.62
102405,-0.12,-0.17,-1.87,-9.62
102439,-0.06,-0.17,-1.88,-9.72
102473,-0.06,-0.17,-1.86,-9.61
102504,0.12,-0.18,-1.85,-9.67
102538,0.00,-0.18,-1.86,-9.76
102571,-0.06,-0.17,-1.86,-9.63
102602,0.06,-0.15,-1.86,-9.68
102636,-0.12,-0.16,-1.87,-9.73
102669,0.00,-0.16,-1.87,-9.63
102702,0.00,-0.19,-1.87,-9.70
102734,0.12,-0.16,-1.87,-9.60
102766,0.00,-0.16,-1.88,-9.66
102798,0.00,-0.16,-1.86,-9.70
102831,0.00,-0.14,-1.88,-9.65
102861,-0.06,-0.19,-1.88,-9.64
102896,0.00,-0.19,-1.87,-9.66
102928,0.00,-0.17,-1.86,-9.69
102959,0.06,-0.18,-1.88,-9.66
102993,0.06,-0.17,-1.85,-9.78
103025,-0.12,-0.16,-1.87,-9.66
103056,0.00,-0.18,-1.86,-9.66
103090,0.06,-0.16,-1.89,-9.73
103123,-0.06,-0.18,-1.86,-9.66
103154,0.00,-0.18,-1.88,-9.67
103188,0.00,-0.18,-1.88,-9.75
103220,0.00,-0.15,-1.85,-9.63
103252,-0.06,-0.20,-1.89,-9.73
103286,0.00,-0.18,-1.88,-9.64
103318,0.00,-0.18,-1.90,-9.62
103351,-0.06,-0.17,-1.87,-9.69
103385,-0.06,-0.14,-1.85,-9.65
103417,-0.12,-0.16,-1.88,-9.65
103450,0.00,-0.16,-1.85,-9.70
103483,0.06,-0.18,-1.85,-9.72
103515,-0.12,-0.16,-1.87,-9.65
103548,-0.06,-0.20,-1.89,-9.75
103581,0.00,-0.18,-1.86,-9.65
103612,0.00,-0.18,-1.88,-9.66
103646,-0.06,-0.16,-1.87,-9.76
103678,0.06,-0.17,-1.88,-9.63
103709,0.00,-0.15,-1.88,-9.65
103744,0.00,-0.19,-1.87,-9.74
103777,0.00,-0.20,-1.87,-9.62
103806,0.12,-0.17,-1.87,-9.65
103840,0.06,-0.16,-1.88,-9.76
103872,-0.06,-0.17,-1.83,-9.63
103905,-0.12,-0.17,-1.89,-9.69
103939,0.00,-0.18,-1.88,-9.76
103971,-0.06,-0.19,-1.86,-9.62
104004,0.00,-0.17,-1.87,-9.67
104038,-0.06,-0.17,-1.86,-9.63
104070,0.06,-0.17,-1.87,-9.63
104102,0.06,-0.16,-1.88,-9.72
104135,0.00,-0.18,-1.88,-9.63
104167,-0.06,-0.17,-1.86,-9.65
104200,-0.06,-0.18,-1.86,-9.71
104233,0.00,-0.16,-1.87,-9.67
104264,0.06,-0.17,-1.88,-9.65
104298,-0.12,-0.16,-1.88,-9.74
104331,0.00,-0.18,-1.87,-9.69
104361,0.06,-0.18,-1.88,-9.62
104396,0.12,-0.15,-1.87,-9.78
104428,-0.12,-0.18,-1.89,-9.62
104459,0.06,-0.16,-1.86,-9.65
104494,-0.06,-0.16,-1.86,-9.74
104527,0.06,-0.19,-1.89,-9.62
104557,0.06,-0.18,-1.87,-9.63
104591,0.00,-0.17,-1.86,-9.73
104624,0.00,-0.18,-1.85,-9.64
104655,-0.06,-0.19,-1.86,-9.72
104689,-0.06,-0.19,-1.86,-9.76
104722,0.06,-0.16,-1.87,-9.62
104755,0.00,-0.17,-1.85,-9.70
104787,-0.06,-0.15,-1.88,-9.65
104819,0.06,-0.17,-1.86,-9.63
104852,-0.12,-0.17,-1.89,-9.69
104886,-0.06,-0.17,-1.86,-9.60
104920,0.00,-0.18,-1.88,-9.64
104950,0.06,-0.17,-1.87,-9.72
104983,0.00,-0.19,-1.88,-9.64
105014,0.00,-0.17,-1.86,-9.68
105049,0.00,-0.16,-1.86,-9.75
105080,0.06,-0.18,-1.87,-9.67
105110,-0.12,-0.18,-1.87,-9.64
105146,0.00,-0.17,-1.87,-9.73
105179,0.00,-0.17,-1.86,-9.64
105207,-0.06,-0.18,-1.87,-9.66
105243,0.00,-0.16,-1.86,-9.76
105276,0.00,-0.19,-1.88,-9.64
105307,0.06,-0.16,-1.87,-9.68
105340,0.00,-0.19,-1.89,-9.76
105372,-0.06,-0.15,-1.86,-9.63
105406,0.00,-0.17,-1.87,-9.70
105438,0.00,-0.17,-1.89,-9.60
105470,0.00,-0.17,-1.87,-9.61
105502,0.06,-0.18,-1.86,-9.70
105534,0.00,-0.17,-1.88,-9.66
105565,0.06,-0.18,-1.86,-9.61
105600,0.00,-0.16,-1.87,-9.73
105631,-0.06,-0.17,-1.87,-9.68
105662,0.00,-0.16,-1.86,-9.68
105697,-0.06,-0.19,-1.86,-9.76
105731,0.00,-0.19,-1.88,-9.61
105759,0.00,-0.18,-1.85,-9.66
105794,-0.06,-0.16,-1.86,-9.77
105828,-0.06,-0.18,-1.88,-9.63
105859,0.00,-0.17,-1.85,-9.65
105893,0.00,-0.17,-1.86,-9.75
105925,0.06,-0.19,-1.88,-9.62
105957,0.12,-0.19,-1.87,-9.70
105991,0.00,-0.15,-1.88,-9.64
106021,0.06,-0.18,-1.88,-9.63
106054,0.06,-0.17,-1.86,-9.68
106087,-0.06,-0.19,-1.88,-9.63
106121,-0.12,-0.19,-1.83,-9.65
106152,-0.06,-0.16,-1.87,-9.67
106187,0.06,-0.15,-1.87,-9.70
106218,-0.12,-0.16,-1.88,-9.65
106252,0.00,-0.19,-1.86,-9.73
106284,-0.06,-0.16,-1.87,-9.61
106316,0.12,-0.17,-1.89,-9.66
106350,-0.12,-0.16,-1.85,-9.77
106383,-0.12,-0.18,-1.87,-9.65
106415,0.12,-0.17,-1.88,-9.65
106448,0.00,-0.18,-1.87,-9.74
106481,0.00,-0.17,-1.88,-9.62
106511,0.12,-0.14,-1.86,-9.65
106545,0.00,-0.16,-1.85,-9.73
106578,-0.06,-0.15,-1.88,-9.61
106609,0.06,-0.17,-1.85,-9.68
106643,0.00,-0.18,-1.87,-9.75
106675,-0.19,-0.16,-1.88,-9.62
106708,0.00,-0.18,-1.86,-9.66
106741,0.06,-0.17,-1.87,-9.63
106773,-0.06,-0.18,-1.86,-9.61
106807,-0.06,-0.17,-1.86,-9.72
106841,0.00,-0.19,-1.87,-9.65
106872,0.00,-0.19,-1.87,-9.64
106904,0.00,-0.18,-1.89,-9.67
106936,-0.06,-0.18,-1.88,-9.66
106969,0.06,-0.17,-1.86,-9.67
107002,0.00,-0.17,-1.90,-9.69
107034,-0.06,-0.18,-1.88,-9.62
107065,0.06,-0.17,-1.86,-9.67
107100,0.00,-0.15,-1.85,-9.75
107132,0.00,-0.14,-1.89,-9.62
107161,-0.06,-0.16,-1.87,-9.63
107197,-0.12,-0.17,-1.86,-9.77
107231,0.12,-0.14,-1.88,-9.62
107260,0.00,-0.19,-1.89,-9.64
107294,-0.12,-0.18,-1.87,-9.73
107329,0.00,-0.16,-1.87,-9.64
107360,-0.06,-0.18,-1.87,-9.71
107394,-0.06,-0.18,-1.87,-9.72
107427,0.06,-0.17,-1.86,-9.62
107459,-0.06,-0.16,-1.86,-9.66
107493,0.06,-0.18,-1.85,-9.75
107525,-0.06,-0.15,-1.87,-9.63
107558,0.06,-0.15,-1.87,-9.68
107591,0.06,-0.16,-1.85,-9.63
107623,-0.12,-0.17,-1.85,-9.67
107656,0.06,-0.16,-1.86,-9.70
107688,-0.06,-0.17,-1.89,-9.65
107721,0.12,-0.15,-1.85,-9.65
107754,0.19,-0.16,-1.87,-9.71
107786,0.06,-0.19,-1.85,-9.67
107816,0.06,-0.17,-1.87,-9.64
107851,0.06,-0.19,-1.87,-9.75
107883,0.00,-0.15,-1.90,-9.62
107913,-0.12,-0.16,-1.87,-9.68
107949,-0.12,-0.16,-1.87,-9.76
107982,-0.06,-0.19,-1.85,-9.65
108013,0.00,-0.16,-1.85,-9.65
108047,-0.12,-0.16,-1.86,-9.78
108081,0.00,-0.18,-1.87,-9.63
108111,0.00,-0.16,-1.89,-9.75
108145,-0.06,-0.16,-1.86,-9.72
108178,0.06,-0.18,-1.89,-9.62
108210,0.00,-0.16,-1.88,-9.69
108243,0.06,-0.18,-1.88,-9.65
108274,0.00,-0.16,-1.86,-9.63
108307,0.06,-0.17,-1.87,-9.67
108340,0.06,-0.15,-1.86,-9.68
108370,0.00,-0.18,-1.87,-9.67
108404,0.06,-0.16,-1.87,-9.72
108436,-0.06,-0.17,-1.87,-9.62
108468,-0.06,-0.17,-1.85,-9.67
108503,0.00,-0.17,-1.88,-9.74
108535,0.00,-0.16,-1.86,-9.64
108565,0.06,-0.17,-1.87,-9.62
108599,-0.12,-0.18,-1.85,-9.74
108633,-0.12,-0.16,-1.89,-9.65
108663,0.06,-0.15,-1.89,-9.65
108698,-0.06,-0.18,-1.87,-9.73
108732,0.00,-0.18,-1.88,-9.62
108762,0.06,-0.15,-1.88,-9.70
108795,0.12,-0.17,-1.86,-9.76
108828,0.06,-0.18,-1.87,-9.61
108860,0.00,-0.15,-1.87,-9.69
108893,0.00,-0.18,-1.85,-9.72
108925,0.00,-0.17,-1.87,-9.64
108957,0.06,-0.19,-1.87,-9.71
108989,-0.06,-0.15,-1.87,-9.62
109022,0.12,-0.17,-1.86,-9.66
109056,-0.06,-0.16,-1.86,-9.75
109088,0.06,-0.16,-1.86,-9.64
109118,-0.06,-0.17,-1.86,-9.64
109154,0.12,-0.18,-1.86,-9.73
109187,0.00,-0.17,-1.87,-9.68
109216,0.00,-0.16,-1.86,-9.67
109250,0.06,-0.17,-1.89,-9.75
109283,0.00,-0.16,-1.86,-9.65
109314,0.00,-0.18,-1.84,-9.69
109346,0.06,-0.17,-1.87,-9.78
109379,0.00,-0.15,-1.86,-9.61
109412,-0.06,-0.17,-1.88,-9.70
109446,-0.12,-0.18,-1.88,-9.61
109477,0.06,-0.18,-1.87,-9.65
109510,-0.19,-0.18,-1.85,-9.71
109544,0.12,-0.17,-1.87,-9.63
109576,0.00,-0.17,-1.89,-9.61
109608,0.00,-0.17,-1.88,-9.66
109640,0.19,-0.17,-1.88,-9.65
109671,0.06,-0.16,-1.86,-9.62
109705,-0.06,-0.18,-1.87,-9.77
109737,0.00,-0.19,-1.88,-9.62
109768,0.00,-0.18,-1.86,-9.66
109803,0.00,-0.17,-1.86,-9.71
109835,0.06,-0.16,-1.86,-9.62
109864,0.00,-0.17,-1.87,-9.66
109899,-0.06,-0.18,-1.86,-9.77
109933,0.06,-0.17,-1.86,-9.62
109964,0.06,-0.17,-1.89,-9.73
109998,0.00,-0.17,-1.88,-9.75
110029,0.06,-0.16,-1.88,-9.64
110061,0.00,-0.18,-1.86,-9.72
110094,-0.06,-0.20,-1.88,-9.66
110128,-0.12,-0.15,-1.87,-9.63
110160,0.06,-0.16,-1.88,-9.69
110193,-0.12,-0.16,-1.85,-9.66
110226,-0.06,-0.13,-1.88,-9.69
110259,0.00,-0.17,-1.87,-9.67
110291,0.00,-0.17,-1.88,-9.61
110322,-0.06,-0.15,-1.87,-9.65
110357,0.00,-0.19,-1.88,-9.78
110389,0.06,-0.18,-1.86,-9.66
110419,0.00,-0.18,-1.89,-9.64
110454,0.06,-0.17,-1.88,-9.75
110486,-0.12,-0.16,-1.85,-9.65
110517,0.00,-0.17,-1.86,-9.66
110552,0.06,-0.16,-1.88,-9.72
110584,-0.06,-0.18,-1.87,-9.60
110615,0.00,-0.18,-1.87,-9.69
110649,0.00,-0.15,-1.85,-9.75
110682,0.00,-0.18,-1.87,-9.60
110713,0.12,-0.18,-1.85,-9.69
110746,0.00,-0.16,-1.86,-9.63
110778,-0.12,-0.20,-1.88,-9.62
110812,-0.12,-0.17,-1.86,-9.74
110845,0.06,-0.17,-1.85,-9.65
110877,0.00,-0.14,-1.87,-9.65
110909,0.06,-0.16,-1.88,-9.69
110941,-0.06,-0.18,-1.87,-9.64
110972,0.06,-0.16,-1.87,-9.67
111007,0.00,-0.18,-1.86,-9.75
111039,0.00,-0.17,-1.84,-9.69
111069,0.00,-0.18,-1.87,-9.65
111104,-0.06,-0.18,-1.86,-9.74
111137,0.00,-0.16,-1.86,-9.64
111167,0.06,-0.16,-1.87,-9.66
111201,0.00,-0.17,-1.89,-9.78
111234,-0.06,-0.18,-1.87,-9.61
111265,0.06,-0.17,-1.87,-9.67
111299,0.00,-0.20,-1.87,-9.72
111331,0.06,-0.17,-1.87,-9.63
111364,-0.12,-0.15,-1.86,-9.69
111397,0.06,-0.17,-1.87,-9.64
111429,0.00,-0.17,-1.87,-9.63
111461,0.00,-0.17,-1.85,-9.66
111494,0.06,-0.17,-1.87,-9.69
111525,-0.06,-0.18,-1.88,-9.63
111559,0.06,-0.17,-1.88,-9.69
111591,0.00,-0.16,-1.86,-9.62
111622,0.06,-0.17,-1.88,-9.65
111656,0.00,-0.18,-1.86,-9.74
111688,0.06,-0.17,-1.89,-9.64
111719,0.00,-0.18,-1.89,-9.61
111753,-0.06,-0.17,-1.87,-9.75
111787,-0.12,-0.16,-1.89,-9.59
111817,0.06,-0.17,-1.89,-9.72
111851,0.00,-0.15,-1.86,-9.71
111883,0.00,-0.16,-1.87,-9.62
111916,0.00,-0.17,-1.85,-9.71
111948,0.00,-0.19,-1.86,-9.66
111980,0.00,-0.16,-1.85,-9.63
112013,0.00,-0.20,-1.88,-9.69
112045,0.06,-0.19,-1.88,-9.65
112075,0.00,-0.19,-1.87,-9.67
112110,0.00,-0.18,-1.87,-9.73
112141,0.00,-0.18,-1.87,-9.65
112172,-0.06,-0.16,-1.88,-9.68
112207,0.00,-0.15,-1.87,-9.73
112239,-0.12,-0.16,-1.87,-9.61
112270,0.00,-0.16,-1.86,-9.61
112305,-0.06,-0.15,-1.87,-9.77
112338,0.00,-0.18,-1.87,-9.63
112368,0.06,-0.17,-1.88,-9.68
112402,-0.06,-0.16,-1.88,-9.74
112436,0.00,-0.18,-1.85,-9.65
112467,0.00,-0.15,-1.88,-9.70
112501,0.00,-0.19,-1.87,-9.74
112532,0.06,-0.18,-1.88,-9.63
112565,0.06,-0.16,-1.86,-9.68
112598,-0.06,-0.16,-1.87,-9.61
112630,0.06,-0.15,-1.86,-9.64
112662,0.00,-0.17,-1.86,-9.70
112695,0.12,-0.18,-1.88,-9.61
112726,-0.12,-0.16,-1.86,-9.62
112761,0.06,-0.18,-1.89,-9.73
112792,-0.19,-0.16,-1.87,-9.67
112824,0.12,-0.18,-1.86,-9.64
112859,0.00,-0.16,-1.87,-9.75
112891,0.19,-0.17,-1.86,-9.65
112920,0.00,-0.19,-1.88,-9.67
112954,0.06,-0.19,-1.85,-9.76
112988,0.00,-0.16,-1.86,-9.63
113018,0.00,-0.18,-1.87,-9.68
113052,0.00,-0.17,-1.87,-9.77
113083,-0.06,-0.18,-1.85,-9.61
113117,-0.12,-0.17,-1.88,-9.68
113150,0.12,-0.18,-1.88,-9.60
113182,0.06,-0.19,-1.86,-9.64
113215,0.00,-0.16,-1.87,-9.72
113247,0.06,-0.18,-1.88,-9.66
113278,0.00,-0.18,-1.87,-9.68
113312,0.06,-0.16,-1.87,-9.73
113343,0.12,-0.18,-1.86,-9.67
113374,0.00,-0.18,-1.86,-9.62
113409,0.00,-0.18,-1.89,-9.75
113441,-0.06,-0.16,-1.85,-9.63
113471,0.12,-0.16,-1.89,-9.64
113506,0.00,-0.19,-1.87,-9.74
113539,0.06,-0.18,-1.88,-9.61
113569,-0.06,-0.16,-1.88,-9.68
113603,0.00,-0.16,-1.88,-9.75
113636,0.00,-0.17,-1.86,-9.62
113669,0.00,-0.19,-1.87,-9.71
113700,-0.06,-0.17,-1.87,-9.61
113733,0.00,-0.19,-1.87,-9.62
113766,0.06,-0.15,-1.89,-9.66
113799,-0.06,-0.17,-1.89,-9.64
113831,0.06,-0.16,-1.85,-9.62
113864,0.06,-0.17,-1.87,-9.68
113896,0.06,-0.16,-1.87,-9.70
113927,0.00,-0.19,-1.90,-9.66
113960,0.06,-0.16,-1.88,-9.73
113993,-0.06,-0.18,-1.89,-9.61
114024,0.00,-0.16,-1.87,-9.69
114059,0.12,-0.18,-1.88,-9.76
114091,-0.12,-0.16,-1.87,-9.66
114122,0.00,-0.14,-1.85,-9.63
114156,-0.06,-0.19,-1.88,-9.73
114190,0.00,-0.16,-1.85,-9.61
114221,0.06,-0.19,-1.85,-9.69
114254,0.00,-0.18,-1.86,-9.72
114286,0.19,-0.17,-1.87,-9.61
114318,-0.06,-0.17,-1.88,-9.67
114352,0.00,-0.17,-1.87,-9.65
114384,0.00,-0.15,-1.89,-9.63
114416,0.00,-0.19,-1.87,-9.67
114448,0.00,-0.18,-1.84,-9.60
114479,-0.06,-0.15,-1.85,-9.65
114514,-0.06,-0.19,-1.88,-9.70
114547,0.06,-0.16,-1.85,-9.61
114577,0.00,-0.19,-1.88,-9.65
114612,-0.06,-0.16,-1.86,-9.75
114644,0.00,-0.18,-1.87,-9.65
114675,0.00,-0.16,-1.88,-9.62
114709,-0.06,-0.17,-1.89,-9.73
114743,0.00,-0.17,-1.88,-9.62
114772,0.06,-0.16,-1.87,-9.66
114806,-0.06,-0.18,-1.85,-9.73
114841,-0.06,-0.19,-1.87,-9.64
114872,-0.06,-0.15,-1.88,-9.69
114907,-0.06,-0.17,-1.89,-9.74
114940,0.00,-0.19,-1.90,-9.62
114971,0.00,-0.18,-1.89,-9.67
115005,0.00,-0.18,-1.85,-9.74
115037,0.00,-0.19,-1.89,-9.62
115069,-0.06,-0.19,-1.88,-9.68
115103,-0.06,-0.17,-1.86,-9.62
115136,-0.06,-0.18,-1.88,-9.65
115169,0.12,-0.19,-1.87,-9.68
115202,-0.06,-0.21,-1.88,-9.68
115234,-0.06,-0.17,-1.87,-9.63
115267,0.00,-0.14,-1.89,-9.68
115300,0.12,-0.19,-1.87,-9.61
115332,0.06,-0.16,-1.86,-9.66
115365,-0.06,-0.15,-1.87,-9.72
115397,0.06,-0.19,-1.86,-9.61
115428,0.00,-0.15,-1.86,-9.66
115463,-0.06,-0.17,-1.89,-9.77
115496,0.06,-0.17,-1.86,-9.66
115526,-0.06,-0.16,-1.88,-9.64
115561,0.06,-0.15,-1.87,-9.72
115594,-0.12,-0.15,-1.86,-9.65
115624,0.06,-0.18,-1.89,-9.65
115658,0.06,-0.18,-1.89,-9.72
115692,0.00,-0.17,-1.89,-9.63
115723,0.00,-0.18,-1.86,-9.66
115756,-0.12,-0.16,-1.86,-9.73
115788,-0.06,-0.16,-1.86,-9.61
115822,-0.06,-0.16,-1.86,-9.69
115856,0.06,-0.15,-1.88,-9.61
115888,-0.06,-0.17,-1.84,-9.62
115920,-0.12,-0.16,-1.86,-9.70
115955,-0.06,-0.14,-1.89,-9.64
115987,0.00,-0.16,-1.89,-9.65
116020,-0.06,-0.19,-1.86,-9.71
116054,0.00,-0.18,-1.85,-9.66
116085,0.12,-0.15,-1.87,-9.63
116117,-0.06,-0.17,-1.88,-9.68
116151,0.00,-0.18,-1.85,-9.60
116182,0.00,-0.17,-1.87,-9.66
116215,-0.06,-0.18,-1.87,-9.75
116248,0.06,-0.16,-1.87,-9.61
116279,0.12,-0.17,-1.87,-9.67
116314,-0.06,-0.18,-1.88,-9.74
116346,0.00,-0.15,-1.87,-9.61
116376,-0.06,-0.17,-1.88,-9.65
116412,-0.06,-0.15,-1.88,-9.70
116446,0.00,-0.16,-1.88,-9.62
116475,0.06,-0.16,-1.88,-9.66
116509,-0.12,-0.16,-1.88,-9.75
116543,0.06,-0.17,-1.87,-9.65
116574,0.06,-0.17,-1.87,-9.67
116608,0.00,-0.15,-1.86,-9.74
116639,0.06,-0.17,-1.89,-9.62
116672,-0.06,-0.17,-1.90,-9.66
116706,-0.06,-0.17,-1.90,-9.63
116739,-0.06,-0.17,-1.86,-9.65
116771,0.06,-0.18,-1.90,-9.72
116804,0.06,-0.17,-1.88,-9.64
116837,0.00,-0.18,-1.87,-9.65
116869,-0.06,-0.17,-1.87,-9.66
116901,0.00,-0.17,-1.88,-9.66
116932,-0.06,-0.14,-1.89,-9.64
116967,-0.06,-0.14,-1.91,-9.72
117000,0.06,-0.19,-1.87,-9.63
117030,0.06,-0.18,-1.88,-9.65
117065,-0.12,-0.17,-1.87,-9.74
117098,-0.06,-0.18,-1.89,-9.61
117130,-0.12,-0.16,-1.88,-9.65
117166,0.00,-0.17,-1.87,-9.73
117197,0.06,-0.17,-1.87,-9.61
117227,0.00,-0.19,-1.88,-9.61
117261,0.00,-0.19,-1.87,-9.74
117295,0.12,-0.17,-1.86,-9.62
117325,0.12,-0.15,-1.87,-9.69
117358,-0.06,-0.17,-1.88,-9.79
117391,0.06,-0.17,-1.85,-9.62
117424,0.00,-0.18,-1.85,-9.70
117456,0.00,-0.17,-1.87,-9.67
117488,0.00,-0.15,-1.87,-9.64
117520,0.00,-0.15,-1.89,-9.69
117553,-0.06,-0.17,-1.89,-9.65
117584,0.00,-0.18,-1.86,-9.63
117619,0.06,-0.17,-1.87,-9.77
117650,0.00,-0.16,-1.87,-9.62
117681,0.00,-0.18,-1.87,-9.65
117715,0.06,-0.18,-1.88,-9.75
117747,-0.06,-0.17,-1.87,-9.62
117778,0.06,-0.18,-1.87,-9.63
117813,0.06,-0.17,-1.84,-9.73
117846,0.19,-0.15,-1.85,-9.61
117876,0.00,-0.16,-1.86,-9.71
117910,0.06,-0.16,-1.85,-9.74
117942,-0.12,-0.17,-1.87,-9.64
117975,0.19,-0.18,-1.87,-9.67
118007,-0.06,-0.17,-1.86,-9.59
118040,-0.06,-0.15,-1.88,-9.62
118074,-0.06,-0.19,-1.88,-9.69
118108,-0.19,-0.15,-1.86,-9.62
118140,0.06,-0.17,-1.88,-9.61
118172,-0.06,-0.16,-1.87,-9.70
118207,-0.06,-0.18,-1.89,-9.70
118240,0.00,-0.16,-1.87,-9.65
118272,0.00,-0.18,-1.87,-9.67
118303,-0.06,-0.15,-1.86,-9.69
118336,0.00,-0.17,-1.85,-9.67
118370,0.00,-0.17,-1.87,-9.74
118401,0.00,-0.17,-1.85,-9.61
118432,0.00,-0.17,-1.86,-9.65
118466,0.06,-0.17,-1.85,-9.78
118499,-0.06,-0.19,-1.88,-9.60
118530,0.06,-0.19,-1.86,-9.62
118563,-0.06,-0.18,-1.84,-9.73
118597,0.06,-0.18,-1.87,-9.63
118628,0.00,-0.17,-1.87,-9.70
118662,-0.06,-0.17,-1.87,-9.74
118694,-0.06,-0.17,-1.88,-9.62
118727,0.06,-0.16,-1.88,-9.68
118761,0.06,-0.17,-1.86,-9.70
118792,-0.06,-0.16,-1.90,-9.61
118825,0.06,-0.17,-1.87,-9.69
118858,0.00,-0.17,-1.86,-9.60
118891,0.00,-0.16,-1.86,-9.63
118922,-0.06,-0.18,-1.86,-9.70
118956,0.00,-0.17,-1.89,-9.62
118986,0.06,-0.18,-1.88,-9.64
119020,-0.06,-0.17,-1.87,-9.75
119053,0.00,-0.17,-1.87,-9.66
119084,0.00,-0.18,-1.88,-9.65
119118,0.06,-0.18,-1.87,-9.76
119150,0.00,-0.17,-1.86,-9.61
119180,0.00,-0.18,-1.88,-9.67
119215,0.06,-0.18,-1.87,-9.72
119247,0.06,-0.18,-1.88,-9.62
119278,0.00,-0.16,-1.89,-9.67
119312,0.06,-0.17,-1.86,-9.75
119344,0.00,-0.16,-1.87,-9.64
119375,-0.06,-0.16,-1.86,-9.66
119409,0.00,-0.16,-1.88,-9.63
119442,0.00,-0.17,-1.87,-9.64
119474,0.00,-0.18,-1.88,-9.71
119505,0.06,-0.15,-1.86,-9.63
119537,0.06,-0.16,-1.87,-9.65
119571,-0.06,-0.16,-1.89,-9.76
119603,0.00,-0.17,-1.88,-9.68
119634,0.06,-0.18,-1.85,-9.63
119668,0.06,-0.17,-1.88,-9.74
119701,0.06,-0.16,-1.85,-9.62
119731,-0.06,-0.16,-1.86,-9.63
119766,0.06,-0.17,-1.88,-9.75
119798,-0.06,-0.18,-1.86,-9.65
119830,-0.06,-0.16,-1.86,-9.69
119864,0.00,-0.17,-1.87,-9.73
119897,0.12,-0.16,-1.87,-9.62
119928,-0.06,-0.17,-1.88,-9.72
119963,-0.06,-0.16,-1.89,-9.69
119995,0.06,-0.16,-1.87,-9.62
120028,-0.12,-0.20,-1.86,-9.70
120061,-0.06,-0.15,-1.87,-9.66
120094,0.00,-0.16,-1.87,-9.61
120127,0.00,-0.17,-1.88,-9.67
120160,0.00,-0.18,-1.89,-9.66
120190,0.06,-0.17,-1.89,-9.65
120224,0.06,-0.18,-1.90,-9.66
120255,0.06,-0.19,-1.87,-9.63
120286,0.00,-0.16,-1.87,-9.66
120321,0.06,-0.16,-1.87,-9.74
120352,0.00,-0.15,-1.86,-9.62
120382,0.06,-0.16,-1.87,-9.63
120417,0.00,-0.19,-1.88,-9.76
120450,0.12,-0.17,-1.89,-9.62
120480,0.00,-0.17,-1.89,-9.72
120514,0.00,-0.16,-1.86,-9.72
120546,-0.06,-0.17,-1.86,-9.65
120579,-0.06,-0.17,-1.86,-9.67
120612,0.06,-0.18,-1.88,-9.67
120644,0.00,-0.18,-1.86,-9.63
120677,0.00,-0.16,-1.85,-9.66
120710,0.00,-0.17,-1.85,-9.69
120740,0.00,-0.18,-1.88,-9.65
120774,0.06,-0.17,-1.86,-9.75
120805,-0.06,-0.18,-1.85,-9.62
120838,0.06,-0.16,-1.86,-9.66
120871,0.06,-0.17,-1.85,-9.72
120904,-0.06,-0.17,-1.87,-9.62
120935,-0.06,-0.15,-1.87,-9.64
120971,-0.12,-0.15,-1.85,-9.72
121005,-0.06,-0.16,-1.87,-9.62
121034,0.06,-0.19,-1.87,-9.67
121069,0.00,-0.16,-1.88,-9.71
121102,-0.12,-0.19,-1.87,-9.62
121133,0.12,-0.16,-1.87,-9.66
121166,0.00,-0.18,-1.89,-9.73
121199,-0.06,-0.16,-1.84,-9.65
121231,0.00,-0.15,-1.88,-9.70
121265,-0.12,-0.17,-1.86,-9.74
121297,-0.06,-0.17,-1.86,-9.61
121330,0.06,-0.18,-1.85,-9.69
121364,0.00,-0.15,-1.89,-9.62
121396,0.00,-0.15,-1.88,-9.61
121427,0.00,-0.17,-1.85,-9.67
121460,0.00,-0.17,-1.88,-9.65
121491,-0.06,-0.16,-1.86,-9.64
121526,0.00,-0.16,-1.86,-9.68
121558,-0.12,-0.18,-1.88,-9.59
121589,0.00,-0.18,-1.88,-9.63
121623,0.06,-0.19,-1.87,-9.73
121656,0.00,-0.17,-1.87,-9.62
121686,0.00,-0.14,-1.88,-9.61
121719,0.00,-0.18,-1.88,-9.73
121753,0.00,-0.16,-1.86,-9.62
121783,-0.06,-0.18,-1.89,-9.71
121818,-0.06,-0.18,-1.87,-9.71
121851,0.06,-0.17,-1.87,-9.65
121882,0.00,-0.17,-1.88,-9.70
121916,0.00,-0.17,-1.85,-9.65
121947,0.00,-0.16,-1.87,-9.64
121979,-0.06,-0.16,-1.85,-9.67
122013,0.12,-0.18,-1.87,-9.66
122046,0.00,-0.17,-1.86,-9.66
122078,0.00,-0.15,-1.89,-9.68
122109,0.00,-0.19,-1.85,-9.61
122140,0.00,-0.16,-1.88,-9.66
122175,0.06,-0.18,-1.87,-9.74
122207,0.00,-0.18,-1.86,-9.63
122237,0.06,-0.17,-1.87,-9.67
122271,-0.06,-0.18,-1.88,-9.72
122305,-0.06,-0.16,-1.89,-9.61
122336,0.00,-0.16,-1.87,-9.63
122370,0.00,-0.18,-1.86,-9.71
122402,0.12,-0.15,-1.89,-9.63
122433,-0.06,-0.17,-1.86,-9.69
122468,-0.12,-0.16,-1.89,-9.75
122501,0.00,-0.17,-1.86,-9.64
122532,-0.12,-0.17,-1.86,-9.66
122567,-0.12,-0.17,-1.88,-9.70
122599,-0.12,-0.19,-1.87,-9.65
122633,0.00,-0.18,-1.87,-9.71
122665,-0.12,-0.16,-1.86,-9.62
122698,-0.06,-0.17,-1.89,-9.64
122732,0.00,-0.16,-1.87,-9.69
122765,0.06,-0.17,-1.88,-9.64
122797,-0.06,-0.19,-1.87,-9.62
122829,0.00,-0.18,-1.86,-9.68
122862,0.12,-0.17,-1.89,-9.69
122893,0.00,-0.16,-1.87,-9.66
122927,-0.06,-0.20,-1.88,-9.72
122959,-0.06,-0.17,-1.87,-9.62
122991,0.00,-0.17,-1.87,-9.64
123026,0.00,-0.18,-1.88,-9.75
123058,0.06,-0.15,-1.88,-9.63
123087,0.00,-0.15,-1.86,-9.66
123121,0.00,-0.19,-1.85,-9.75
123155,0.00,-0.16,-1.86,-9.62
123185,-0.12,-0.19,-1.91,-9.73
123219,-0.12,-0.18,-1.88,-9.76
123253,-0.06,-0.17,-1.86,-9.66
123285,0.00,-0.17,-1.87,-9.69
123319,-0.06,-0.19,-1.88,-9.74
123352,0.00,-0.16,-1.86,-9.61
123384,0.06,-0.18,-1.87,-9.65
123416,0.06,-0.16,-1.86,-9.69
123449,0.00,-0.16,-1.89,-9.64
123481,0.00,-0.17,-1.85,-9.69
123512,0.06,-0.16,-1.89,-9.61
123544,0.00,-0.17,-1.86,-9.63
123578,0.00,-0.15,-1.88,-9.73
123610,0.00,-0.15,-1.87,-9.67
123640,0.00,-0.19,-1.85,-9.64
123674,0.00,-0.20,-1.90,-9.72
123707,-0.06,-0.16,-1.85,-9.62
123738,0.00,-0.16,-1.89,-9.66
123771,0.06,-0.18,-1.88,-9.75
123804,-0.12,-0.16,-1.86,-9.65
123836,-0.06,-0.18,-1.89,-9.68
123871,0.06,-0.18,-1.88,-9.75
123902,0.06,-0.17,-1.88,-9.65
123935,0.00,-0.17,-1.87,-9.67
123968,-0.06,-0.18,-1.88,-9.63
124001,-0.06,-0.20,-1.87,-9.63
124034,0.06,-0.19,-1.88,-9.69
124066,-0.12,-0.16,-1.87,-9.64
124100,0.00,-0.18,-1.89,-9.63
124132,0.06,-0.16,-1.87,-9.66
124164,0.00,-0.17,-1.90,-9.65
124194,0.06,-0.18,-1.89,-9.66
124229,0.00,-0.17,-1.87,-9.72
124260,-0.06,-0.17,-1.86,-9.62
124292,0.12,-0.16,-1.86,-9.64
124326,0.00,-0.16,-1.88,-9.74
124359,0.00,-0.14,-1.86,-9.63
124388,0.06,-0.18,-1.86,-9.63
124423,-0.06,-0.16,-1.86,-9.74
124456,0.06,-0.15,-1.90,-9.61
124487,-0.12,-0.17,-1.88,-9.70
124521,0.06,-0.19,-1.86,-9.75
124554,0.06,-0.16,-1.88,-9.61
124585,0.00,-0.16,-1.86,-9.70
124619,0.00,-0.17,-1.87,-9.64
124650,-0.06,-0.17,-1.88,-9.60
124684,0.00,-0.17,-1.85,-9.66
124717,0.00,-0.16,-1.88,-9.68
124748,0.06,-0.16,-1.86,-9.66
124781,0.06,-0.15,-1.87,-9.68
124813,0.00,-0.18,-1.88,-9.60
124844,0.06,-0.17,-1.87,-9.67
124877,0.06,-0.15,-1.89,-9.75
124910,0.06,-0.15,-1.87,-9.64
124940,0.00,-0.17,-1.88,-9.64
124974,0.12,-0.19,-1.87,-9.76
125007,0.00,-0.15,-1.86,-9.65
125037,0.06,-0.18,-1.86,-9.70
125071,0.00,-0.18,-1.86,-9.72
125103,-0.12,-0.18,-1.87,-9.64
125136,-0.06,-0.19,-1.88,-9.67
125170,0.00,-0.16,-1.88,-9.67
125202,0.00,-0.17,-1.87,-9.61
125234,0.06,-0.18,-1.85,-9.69
125266,0.06,-0.16,-1.87,-9.70
125297,0.00,-0.17,-1.87,-9.66
125331,0.00,-0.17,-1.88,-9.74
125363,-0.06,-0.14,-1.85,-9.66
125394,0.06,-0.18,-1.87,-9.67
125429,0.00,-0.17,-1.86,-9.75
125461,0.00,-0.18,-1.87,-9.61
125491,0.00,-0.15,-1.86,-9.62
125526,0.12,-0.18,-1.90,-9.74
125558,0.06,-0.16,-1.86,-9.63
125589,-0.06,-0.17,-1.87,-9.69
125623,0.06,-0.16,-1.88,-9.73
125655,-0.06,-0.19,-1.87,-9.66
125688,-0.06,-0.16,-1.87,-9.68
125722,-0.12,-0.16,-1.87,-9.75
125755,0.00,-0.17,-1.86,-9.61
125788,0.00,-0.18,-1.87,-9.67
125819,0.06,-0.16,-1.87,-9.61
125852,-0.06,-0.17,-1.87,-9.61
125885,0.06,-0.18,-1.86,-9.69
125917,0.00,-0.17,-1.87,-9.63
125949,0.00,-0.16,-1.86,-9.64
125982,0.00,-0.16,-1.87,-9.75
126014,0.00,-0.18,-1.88,-9.64
126045,0.06,-0.17,-1.88,-9.61
126080,0.06,-0.17,-1.87,-9.73
126111,-0.06,-0.17,-1.86,-9.62
126142,0.00,-0.17,-1.87,-9.67
126176,0.00,-0.19,-1.88,-9.75
126210,-0.06,-0.18,-1.88,-9.62
126240,-0.06,-0.18,-1.87,-9.68
126275,-0.06,-0.16,-1.88,-9.73
126309,0.12,-0.17,-1.86,-9.64
126340,-0.06,-0.19,-1.87,-9.73
126373,-0.06,-0.17,-1.88,-9.75
126407,-0.06,-0.16,-1.87,-9.65
126440,-0.06,-0.19,-1.87,-9.73
126474,0.00,-0.16,-1.90,-9.75
126505,0.06,-0.16,-1.87,-9.62
126538,0.06,-0.17,-1.86,-9.67
126570,-0.12,-0.16,-1.88,-9.64
126604,-0.06,-0.17,-1.87,-9.64
126637,-0.12,-0.16,-1.88,-9.70
126670,-0.06,-0.19,-1.88,-9.63
126704,0.00,-0.19,-1.87,-9.62
126736,0.06,-0.18,-1.85,-9.71
126768,0.00,-0.15,-1.85,-9.62
126798,0.06,-0.17,-1.89,-9.66
126833,-0.06,-0.13,-1.86,-9.76
126866,0.00,-0.17,-1.88,-9.67
126897,0.00,-0.17,-1.88,-9.61
126930,-0.06,-0.16,-1.87,-9.72
126964,-0.06,-0.16,-1.86,-9.62
126995,0.00,-0.15,-1.86,-9.63
127030,0.06,-0.16,-1.86,-9.74
127062,0.00,-0.17,-1.87,-9.61
127091,-0.06,-0.16,-1.88,-9.67
127127,-0.06,-0.16,-1.87,-9.74
127161,0.00,-0.18,-1.88,-9.60
127192,0.00,-0.17,-1.88,-9.72
127224,0.00,-0.15,-1.86,-9.74
127256,0.12,-0.17,-1.87,-9.65
127289,0.00,-0.16,-1.86,-9.67
127322,-0.12,-0.16,-1.88,-9.62
127354,-0.06,-0.17,-1.86,-9.63
127388,-0.06,-0.18,-1.87,-9.65
127422,0.00,-0.18,-1.88,-9.71
127454,0.00,-0.19,-1.88,-9.68
127485,0.06,-0.17,-1.88,-9.68
127517,-0.06,-0.15,-1.87,-9.65
127550,0.00,-0.19,-1.86,-9.68
127584,0.00,-0.19,-1.87,-9.76
127616,0.06,-0.18,-1.88,-9.62
127646,0.00,-0.17,-1.89,-9.61
127680,0.00,-0.17,-1.87,-9.77
127713,0.00,-0.16,-1.88,-9.61
127742,0.19,-0.17,-1.87,-9.71
127776,-0.06,-0.17,-1.87,-9.74
127810,0.00,-0.17,-1.87,-9.60
127842,0.00,-0.17,-1.88,-9.67
127876,0.00,-0.18,-1.87,-9.65
127906,0.00,-0.17,-1.87,-9.65
127939,-0.06,-0.17,-1.89,-9.69
127973,0.12,-0.17,-1.86,-9.69
128006,0.00,-0.17,-1.90,-9.65
128036,0.06,-0.15,-1.89,-9.73
128069,0.06,-0.17,-1.88,-9.60
128100,0.06,-0.16,-1.89,-9.62
128134,-0.12,-0.17,-1.90,-9.77
128166,0.00,-0.19,-1.89,-9.63
128197,-0.06,-0.16,-1.87,-9.62
128233,-0.12,-0.17,-1.88,-9.74
128266,-0.06,-0.18,-1.88,-9.68
128297,0.06,-0.16,-1.87,-9.68
128331,0.06,-0.15,-1.87,-9.73
128363,-0.06,-0.16,-1.87,-9.63
128394,0.00,-0.17,-1.89,-9.66
128429,0.06,-0.17,-1.88,-9.75
128461,-0.06,-0.17,-1.86,-9.62
128493,0.00,-0.17,-1.87,-9.67
128527,0.00,-0.15,-1.86,-9.75
128559,0.06,-0.16,-1.88,-9.65
128591,-0.06,-0.16,-1.87,-9.69
128625,0.06,-0.18,-1.89,-9.64
128657,0.06,-0.15,-1.88,-9.63
128689,-0.12,-0.17,-1.86,-9.71
128722,0.06,-0.19,-1.89,-9.66
128754,-0.06,-0.17,-1.86,-9.61
128788,0.00,-0.18,-1.85,-9.64
128820,0.00,-0.17,-1.88,-9.68
128850,0.00,-0.17,-1.87,-9.65
128885,0.00,-0.16,-1.90,-9.75
128917,0.00,-0.16,-1.88,-9.60
128947,0.06,-0.16,-1.86,-9.64
128980,-0.06,-0.18,-1.87,-9.76
129015,0.06,-0.16,-1.86,-9.64
129045,0.00,-0.16,-1.89,-9.74
129079,-0.06,-0.14,-1.87,-9.72
129113,-0.06,-0.17,-1.86,-9.60
129144,0.06,-0.14,-1.87,-9.69
129178,0.19,-0.18,-1.87,-9.72
129210,0.00,-0.15,-1.88,-9.63
129243,-0.06,-0.19,-1.86,-9.69
129276,-0.06,-0.16,-1.87,-9.66
129308,0.00,-0.15,-1.89,-9.63
129341,0.12,-0.17,-1.85,-9.68
129374,-0.06,-0.17,-1.88,-9.61
129406,0.06,-0.17,-1.84,-9.66
129439,-0.12,-0.16,-1.88,-9.69
129472,-0.06,-0.16,-1.87,-9.63
129505,-0.06,-0.15,-1.87,-9.68
129539,-0.06,-0.17,-1.87,-9.69
129571,0.06,-0.17,-1.86,-9.66
129602,-0.06,-0.17,-1.88,-9.61
129638,0.00,-0.18,-1.88,-9.73
129670,-0.06,-0.16,-1.86,-9.70
129701,-0.06,-0.18,-1.89,-9.67
129737,0.06,-0.17,-1.87,-9.77
129769,0.12,-0.17,-1.87,-9.61
129799,0.12,-0.18,-1.85,-9.65
129833,0.00,-0.16,-1.87,-9.77
129865,0.00,-0.17,-1.86,-9.64
129896,-0.06,-0.16,-1.87,-9.69
129931,0.06,-0.18,-1.88,-9.73
129963,-0.06,-0.16,-1.87,-9.63
129995,-0.06,-0.17,-1.86,-9.73
130029,0.12,-0.17,-1.88,-9.76
130062,0.00,-0.16,-1.87,-9.62
130094,-0.06,-0.18,-1.85,-9.71
130127,-0.06,-0.17,-1.88,-9.68
130160,-0.12,-0.18,-1.88,-9.66
130194,-0.06,-0.15,-1.84,-9.65
130228,-0.06,-0.17,-1.85,-9.61
130259,0.00,-0.15,-1.88,-9.64
130292,0.06,-0.17,-1.84,-9.72
130325,0.00,-0.17,-1.86,-9.64
130357,0.06,-0.17,-1.88,-9.66
130390,-0.12,-0.15,-1.86,-9.69
130422,-0.06,-0.18,-1.88,-9.66
130455,0.00,-0.18,-1.87,-9.65
130489,-0.12,-0.17,-1.86,-9.70
130522,0.00,-0.17,-1.87,-9.60
130552,0.06,-0.16,-1.88,-9.66
130586,0.00,-0.16,-1.88,-9.74
130619,-0.06,-0.16,-1.86,-9.64
130650,-0.06,-0.16,-1.89,-9.64
130684,0.06,-0.17,-1.88,-9.72
130717,0.00,-0.16,-1.86,-9.62
130747,0.06,-0.18,-1.88,-9.71
130781,0.00,-0.17,-1.88,-9.73
130813,0.06,-0.17,-1.89,-9.64
130846,-0.06,-0.17,-1.88,-9.70
130880,0.06,-0.17,-1.87,-9.65
130911,-0.06,-0.18,-1.88,-9.65
130945,0.00,-0.15,-1.89,-9.66
130977,0.00,-0.16,-1.88,-9.68
131010,0.00,-0.18,-1.87,-9.66
131042,-0.12,-0.19,-1.90,-9.67
131075,-0.12,-0.17,-1.87,-9.65
131107,0.06,-0.17,-1.87,-9.63
131141,0.06,-0.19,-1.88,-9.71
131172,0.00,-0.18,-1.88,-9.61
131203,-0.06,-0.16,-1.89,-9.64
131238,-0.06,-0.18,-1.89,-9.76
131271,0.00,-0.19,-1.85,-9.68
131301,0.00,-0.16,-1.87,-9.65
131336,0.12,-0.18,-1.84,-9.74
131368,-0.06,-0.15,-1.87,-9.63
131399,-0.06,-0.18,-1.87,-9.67
131434,-0.12,-0.17,-1.87,-9.76
131468,0.00,-0.17,-1.85,-9.63
131499,0.00,-0.18,-1.89,-9.67
131532,-0.06,-0.19,-1.90,-9.77
131565,-0.12,-0.16,-1.87,-9.61
131598,0.00,-0.18,-1.88,-9.71
131632,0.00,-0.18,-1.88,-9.73
131663,0.06,-0.18,-1.88,-9.63
131695,0.00,-0.17,-1.85,-9.71
131728,0.12,-0.17,-1.87,-9.66
131761,-0.06,-0.18,-1.90,-9.62
131793,0.00,-0.18,-1.86,-9.69
131825,-0.06,-0.17,-1.87,-9.66
131858,0.06,-0.14,-1.87,-9.66
131892,-0.06,-0.17,-1.87,-9.75
131924,0.00,-0.15,-1.88,-9.60
131955,0.06,-0.17,-1.87,-9.69
131989,0.00,-0.18,-1.88,-9.75
132022,0.12,-0.17,-1.89,-9.62
132051,-0.06,-0.17,-1.87,-9.62
132086,0.12,-0.18,-1.86,-9.73
132119,0.00,-0.16,-1.89,-9.61
132150,0.06,-0.18,-1.88,-9.68
132183,0.06,-0.17,-1.87,-9.72
132215,-0.12,-0.15,-1.85,-9.62
132248,-0.06,-0.19,-1.88,-9.68
132282,0.00,-0.16,-1.87,-9.77
132314,0.00,-0.16,-1.87,-9.63
132346,-0.12,-0.18,-1.87,-9.66
132380,0.00,-0.19,-1.87,-9.69
132413,0.06,-0.16,-1.87,-9.61
132445,0.00,-0.17,-1.87,-9.72
132476,0.00,-0.16,-1.88,-9.64
132507,-0.06,-0.16,-1.86,-9.64
132543,0.00,-0.16,-1.87,-9.66
132574,-0.12,-0.17,-1.86,-9.63
132605,-0.06,-0.17,-1.87,-9.63
132641,-0.19,-0.15,-1.87,-9.76
132674,-0.12,-0.17,-1.86,-9.72
132706,0.00,-0.16,-1.87,-9.65
132741,-0.06,-0.17,-1.87,-9.74
132773,0.00,-0.16,-1.88,-9.61
132803,0.00,-0.17,-1.88,-9.67
132838,0.00,-0.20,-1.88,-9.76
132870,-0.06,-0.14,-1.88,-9.61
132901,0.00,-0.16,-1.87,-9.63
132935,0.00,-0.19,-1.87,-9.72
132967,0.06,-0.16,-1.85,-9.62
133000,0.06,-0.17,-1.85,-9.71
133032,-0.06,-0.18,-1.87,-9.62
133065,0.06,-0.17,-1.87,-9.64
133097,0.00,-0.17,-1.87,-9.69
133131,0.00,-0.17,-1.89,-9.64
133163,0.06,-0.16,-1.87,-9.66
133194,0.00,-0.19,-1.87,-9.68
133226,0.06,-0.16,-1.87,-9.63
133257,0.06,-0.15,-1.88,-9.66
133292,-0.12,-0.15,-1.88,-9.74
133324,-0.06,-0.16,-1.86,-9.62
133356,-0.12,-0.18,-1.88,-9.65
133391,0.00,-0.17,-1.86,-9.74
133424,-0.06,-0.16,-1.87,-9.62
133454,0.00,-0.16,-1.86,-9.64
133488,-0.06,-0.17,-1.87,-9.73
133522,0.06,-0.16,-1.86,-9.63
133553,0.12,-0.16,-1.87,-9.66
133585,0.12,-0.16,-1.88,-9.73
133618,0.12,-0.16,-1.89,-9.63
133650,0.06,-0.18,-1.89,-9.68
133684,0.00,-0.18,-1.87,-9.69
133715,0.06,-0.16,-1.89,-9.61
133747,0.00,-0.18,-1.86,-9.69
133780,0.12,-0.16,-1.89,-9.67
133812,0.12,-0.16,-1.88,-9.62
133844,0.06,-0.15,-1.86,-9.70
133876,0.06,-0.18,-1.87,-9.63
133907,0.06,-0.18,-1.88,-9.62
133942,0.00,-0.16,-1.86,-9.74
133974,0.00,-0.18,-1.86,-9.64
134003,-0.06,-0.17,-1.87,-9.63
134038,0.06,-0.16,-1.87,-9.74
134072,0.12,-0.17,-1.86,-9.64
134102,0.00,-0.18,-1.88,-9.72
134135,0.00,-0.18,-1.88,-9.76
134167,0.06,-0.18,-1.87,-9.68
134200,0.06,-0.17,-1.88,-9.68
134233,0.00,-0.18,-1.87,-9.68
134265,0.12,-0.17,-1.88,-9.66
134296,0.00,-0.15,-1.87,-9.72
134329,0.00,-0.18,-1.88,-9.61
134360,0.19,-0.19,-1.88,-9.63
134394,0.12,-0.17,-1.88,-9.74
134426,0.06,-0.17,-1.86,-9.67
134456,0.12,-0.18,-1.87,-9.65
134490,0.00,-0.17,-1.88,-9.73
134522,0.06,-0.15,-1.88,-9.63
134553,0.06,-0.17,-1.86,-9.69
134587,0.12,-0.19,-1.89,-9.76
134619,0.00,-0.17,-1.88,-9.61
134651,0.12,-0.15,-1.88,-9.68
134684,0.12,-0.15,-1.87,-9.67
134716,0.06,-0.16,-1.87,-9.61
134748,0.06,-0.18,-1.86,-9.68
134780,0.06,-0.16,-1.88,-9.64
134811,0.06,-0.17,-1.85,-9.68
134845,0.00,-0.17,-1.86,-9.74
134877,0.00,-0.19,-1.87,-9.65
134907,-0.06,-0.16,-1.89,-9.66
134943,0.12,-0.19,-1.89,-9.75
134975,0.12,-0.17,-1.86,-9.64
135005,0.12,-0.17,-1.88,-9.64
135038,0.00,-0.16,-1.87,-9.74
135071,0.06,-0.16,-1.87,-9.62
135103,0.19,-0.16,-1.85,-9.69
135136,0.12,-0.18,-1.87,-9.67
135168,0.06,-0.15,-1.86,-9.61
135200,0.06,-0.16,-1.87,-9.70
135233,0.12,-0.16,-1.87,-9.70
135265,0.06,-0.17,-1.89,-9.65
135298,0.06,-0.19,-1.87,-9.70
135329,0.00,-0.18,-1.86,-9.65
135360,-0.06,-0.17,-1.85,-9.66
135395,-0.12,-0.16,-1.88,-9.76
135428,0.06,-0.18,-1.88,-9.63
135458,0.06,-0.17,-1.89,-9.63
135493,0.12,-0.17,-1.86,-9.71
135525,0.06,-0.16,-1.87,-9.62
135556,0.00,-0.18,-1.87,-9.65
135589,0.12,-0.16,-1.88,-9.75
135621,0.00,-0.20,-1.88,-9.62
135653,-0.06,-0.16,-1.87,-9.67
135688,0.12,-0.15,-1.87,-9.74
135719,0.00,-0.17,-1.87,-9.64
135751,0.06,-0.16,-1.86,-9.66
135784,0.12,-0.17,-1.86,-9.61
135817,0.00,-0.17,-1.89,-9.66
135848,0.12,-0.18,-1.86,-9.72
135880,0.00,-0.18,-1.85,-9.62
135911,0.00,-0.16,-1.88,-9.65
135945,0.00,-0.20,-1.86,-9.73
135977,0.00,-0.17,-1.87,-9.63
136007,0.00,-0.16,-1.88,-9.64
136041,0.12,-0.15,-1.86,-9.72
136075,-0.06,-0.16,-1.87,-9.61
136105,-0.12,-0.19,-1.86,-9.71
136140,0.06,-0.17,-1.85,-9.73
136173,-0.12,-0.17,-1.88,-9.60
136205,-0.12,-0.17,-1.88,-9.68
136239,0.06,-0.18,-1.88,-9.73
136271,-0.06,-0.14,-1.88,-9.62
136304,0.06,-0.19,-1.88,-9.66
136338,0.06,-0.16,-1.87,-9.61
136369,-0.12,-0.15,-1.88,-9.63
136402,-0.12,-0.19,-1.86,-9.69
136436,0.00,-0.17,-1.86,-9.61
136468,0.06,-0.17,-1.87,-9.63
136501,-0.06,-0.18,-1.87,-9.68
136534,-0.06,-0.16,-1.87,-9.64
136567,-0.06,-0.16,-1.86,-9.62
136600,0.06,-0.19,-1.87,-9.68
136632,-0.06,-0.16,-1.87,-9.61
136665,-0.19,-0.17,-1.86,-9.66
136699,0.12,-0.19,-1.88,-9.73
136731,0.00,-0.16,-1.87,-9.67
136762,0.12,-0.15,-1.85,-9.65
136797,0.06,-0.16,-1.87,-9.73
136828,0.00,-0.17,-1.86,-9.60
136858,-0.06,-0.17,-1.88,-9.63
136894,-0.12,-0.17,-1.88,-9.74
136928,0.00,-0.15,-1.87,-9.66
136957,-0.06,-0.17,-1.87,-9.65
136992,-0.06,-0.17,-1.88,-9.73
137026,0.06,-0.17,-1.87,-9.64
137057,0.00,-0.17,-1.87,-9.69
137090,0.00,-0.17,-1.86,-9.75
137122,0.00,-0.18,-1.86,-9.63
137155,-0.06,-0.18,-1.88,-9.66
137189,0.00,-0.19,-1.88,-9.61
137221,0.00,-0.16,-1.88,-9.61
137252,0.12,-0.17,-1.89,-9.68
137285,0.06,-0.17,-1.89,-9.63
137316,0.06,-0.16,-1.90,-9.62
137350,-0.06,-0.15,-1.88,-9.71
137382,-0.19,-0.16,-1.88,-9.64
137413,-0.06,-0.18,-1.86,-9.63
137449,-0.06,-0.15,-1.87,-9.73
137482,-0.19,-0.15,-1.86,-9.58
137513,0.00,-0.16,-1.87,-9.64
137548,0.00,-0.17,-1.87,-9.77
137580,0.06,-0.15,-1.88,-9.61
137610,0.06,-0.18,-1.87,-9.64
137645,0.06,-0.18,-1.89,-9.75
137677,-0.06,-0.14,-1.87,-9.62
137708,-0.12,-0.17,-1.88,-9.70
137743,0.06,-0.17,-1.86,-9.70
137776,0.06,-0.18,-1.87,-9.62
137806,0.00,-0.19,-1.87,-9.72
137840,0.00,-0.16,-1.87,-9.66
137872,-0.06,-0.17,-1.87,-9.64
137906,-0.06,-0.18,-1.89,-9.68
137939,0.00,-0.16,-1.87,-9.67
137971,-0.06,-0.17,-1.89,-9.63
138004,-0.06,-0.17,-1.88,-9.72
138038,0.06,-0.17,-1.88,-9.61
138071,-0.06,-0.16,-1.86,-9.65
138103,0.00,-0.17,-1.89,-9.72
138135,-0.12,-0.18,-1.86,-9.64
138168,-0.06,-0.17,-1.87,-9.62
138202,-0.06,-0.19,-1.88,-9.70
138234,-0.06,-0.18,-1.88,-9.66
138268,0.06,-0.17,-1.90,-9.62
138301,0.00,-0.15,-1.85,-9.75
138333,0.06,-0.19,-1.85,-9.64
138363,0.00,-0.18,-1.86,-9.66
138398,0.06,-0.16,-1.86,-9.76
138430,-0.06,-0.19,-1.88,-9.63
138461,-0.06,-0.16,-1.88,-9.64
138497,-0.06,-0.16,-1.84,-9.75
138529,-0.06,-0.17,-1.87,-9.61
138561,0.00,-0.19,-1.89,-9.63
138595,0.00,-0.17,-1.87,-9.72
138628,0.00,-0.19,-1.85,-9.62
138658,-0.06,-0.18,-1.88,-9.66
138693,0.00,-0.17,-1.87,-9.74
138725,-0.12,-0.17,-1.88,-9.64
138758,0.00,-0.17,-1.86,-9.65
138790,0.00,-0.17,-1.88,-9.69
138822,0.00,-0.17,-1.87,-9.59
138855,0.12,-0.14,-1.87,-9.71
138888,0.06,-0.16,-1.86,-9.61
138918,-0.06,-0.15,-1.87,-9.63
138953,0.06,-0.15,-1.87,-9.69
138985,-0.06,-0.17,-1.87,-9.61
139017,0.00,-0.17,-1.87,-9.64
139052,-0.06,-0.17,-1.89,-9.72
139083,-0.06,-0.18,-1.86,-9.69
139115,0.19,-0.17,-1.89,-9.64
139150,0.00,-0.16,-1.86,-9.78
139182,0.06,-0.17,-1.88,-9.61
139211,-0.06,-0.16,-1.86,-9.64
139247,0.06,-0.17,-1.87,-9.72
139280,0.06,-0.18,-1.87,-9.61
139310,0.00,-0.18,-1.87,-9.63
139343,0.06,-0.15,-1.89,-9.74
139376,0.06,-0.17,-1.87,-9.60
139408,0.06,-0.17,-1.86,-9.69
139441,0.06,-0.17,-1.87,-9.64
139473,-0.06,-0.17,-1.89,-9.61
139506,0.06,-0.16,-1.88,-9.70
139539,-0.06,-0.18,-1.87,-9.67
139572,0.00,-0.16,-1.89,-9.60
139603,0.00,-0.16,-1.86,-9.67
139635,0.00,-0.18,-1.87,-9.68
139667,0.00,-0.17,-1.88,-9.64
139701,0.00,-0.19,-1.88,-9.73
139734,0.06,-0.19,-1.89,-9.62
139763,-0.06,-0.17,-1.87,-9.61
139798,-0.12,-0.17,-1.88,-9.75
139832,-0.06,-0.16,-1.88,-9.61
139863,0.00,-0.18,-1.90,-9.65
139896,0.00,-0.17,-1.88,-9.74
139930,0.00,-0.17,-1.85,-9.65
139960,0.12,-0.18,-1.89,-9.68
139994,-0.06,-0.15,-1.87,-9.74
140026,0.12,-0.18,-1.86,-9.61
140059,0.06,-0.19,-1.89,-9.66
140092,0.00,-0.18,-1.87,-9.64
140125,0.00,-0.17,-1.88,-9.63
140155,0.00,-0.17,-1.89,-9.66
140188,-0.06,-0.18,-1.87,-9.61
140221,0.06,-0.19,-1.85,-9.66
140254,0.06,-0.18,-1.89,-9.74
140285,-0.12,-0.17,-1.87,-9.60
140317,0.00,-0.18,-1.87,-9.66
140352,-0.06,-0.19,-1.87,-9.72
140385,0.06,-0.16,-1.87,-9.64
140414,0.00,-0.17,-1.88,-9.62
140449,0.00,-0.16,-1.88,-9.69
140482,0.06,-0.17,-1.86,-9.65
140512,0.00,-0.16,-1.88,-9.68
140546,0.00,-0.17,-1.87,-9.72
140578,0.06,-0.16,-1.87,-9.61
140610,-0.06,-0.18,-1.87,-9.66
140644,-0.06,-0.18,-1.88,-9.66
140677,0.00,-0.18,-1.88,-9.61
140709,0.06,-0.15,-1.90,-9.67
140742,0.00,-0.17,-1.88,-9.60
140774,-0.12,-0.15,-1.88,-9.63
140807,-0.06,-0.18,-1.89,-9.70
140840,-0.06,-0.15,-1.89,-9.63
140874,0.06,-0.16,-1.86,-9.63
140906,0.00,-0.16,-1.88,-9.66
140938,0.06,-0.18,-1.87,-9.66
140968,0.06,-0.17,-1.88,-9.65
141003,-0.06,-0.19,-1.87,-9.74
141036,0.00,-0.15,-1.86,-9.59
141066,0.00,-0.18,-1.87,-9.64
141101,0.00,-0.17,-1.88,-9.74
141133,0.12,-0.17,-1.87,-9.62
141163,-0.12,-0.20,-1.88,-9.68
141198,0.00,-0.17,-1.88,-9.73
141231,0.06,-0.17,-1.88,-9.62
141262,0.00,-0.17,-1.87,-9.70
141295,-0.06,-0.21,-1.89,-9.63
141328,0.12,-0.14,-1.87,-9.63
141361,0.00,-0.18,-1.87,-9.70
141393,-0.06,-0.16,-1.87,-9.64
141426,0.00,-0.17,-1.88,-9.61
141458,0.00,-0.17,-1.87,-9.68
141490,-0.06,-0.15,-1.86,-9.71
141522,0.06,-0.15,-1.87,-9.65
141556,0.06,-0.18,-1.85,-9.66
141588,-0.06,-0.15,-1.85,-9.60
141619,0.00,-0.16,-1.89,-9.62
141654,0.00,-0.15,-1.88,-9.76
141686,-0.12,-0.18,-1.87,-9.62
141717,-0.06,-0.15,-1.88,-9.64
141753,0.06,-0.18,-1.87,-9.73
141785,-0.06,-0.16,-1.87,-9.61
141815,0.19,-0.15,-1.86,-9.61
141850,0.00,-0.18,-1.87,-9.72
141883,0.00,-0.17,-1.86,-9.61
141914,-0.06,-0.18,-1.85,-9.69
141947,0.00,-0.15,-1.89,-9.76
141980,0.00,-0.15,-1.86,-9.61
142012,0.00,-0.17,-1.89,-9.69
142045,0.00,-0.16,-1.88,-9.61
142077,0.06,-0.17,-1.88,-9.64
142109,-0.06,-0.18,-1.89,-9.72
142143,0.00,-0.16,-1.89,-9.64
142175,-0.06,-0.15,-1.88,-9.62
142209,0.00,-0.18,-1.87,-9.70
142240,0.00,-0.18,-1.87,-9.65
142271,0.06,-0.17,-1.89,-9.65
142305,-0.06,-0.18,-1.87,-9.74
142338,0.00,-0.17,-1.87,-9.68
142368,-0.06,-0.18,-1.87,-9.65
142404,0.12,-0.18,-1.90,-9.73
142436,0.00,-0.16,-1.89,-9.61
142467,0.00,-0.16,-1.87,-9.63
142499,-0.06,-0.16,-1.88,-9.75
142534,-0.06,-0.17,-1.87,-9.62
142565,0.06,-0.18,-1.87,-9.68
142599,0.06,-0.18,-1.86,-9.73
142630,-0.06,-0.16,-1.88,-9.63
142664,0.00,-0.19,-1.87,-9.70
142697,0.00,-0.16,-1.87,-9.62
142729,-0.19,-0.19,-1.87,-9.60
142763,-0.06,-0.18,-1.85,-9.68
142796,0.06,-0.16,-1.86,-9.65
142828,-0.12,-0.15,-1.87,-9.62
142861,0.00,-0.15,-1.86,-9.65
142894,-0.06,-0.19,-1.88,-9.60
142926,-0.12,-0.17,-1.86,-9.64
142960,0.00,-0.15,-1.89,-9.72
142992,0.00,-0.17,-1.87,-9.60
143022,0.00,-0.17,-1.88,-9.64
143057,-0.12,-0.19,-1.87,-9.76
143089,0.06,-0.16,-1.88,-9.65
143120,-0.06,-0.15,-1.86,-9.62
143156,-0.06,-0.17,-1.86,-9.74
143188,0.06,-0.17,-1.89,-9.68
143219,0.06,-0.17,-1.87,-9.62
143253,-0.19,-0.17,-1.88,-9.72
143287,-0.12,-0.16,-1.86,-9.60
143318,0.06,-0.18,-1.89,-9.65
143351,0.00,-0.17,-1.88,-9.72
143384,0.00,-0.19,-1.89,-9.62
143416,-0.12,-0.15,-1.89,-9.67
143450,0.06,-0.18,-1.87,-9.73
143481,0.06,-0.18,-1.87,-9.61
143514,-0.06,-0.17,-1.88,-9.67
143548,0.00,-0.18,-1.88,-9.62
143580,0.06,-0.18,-1.89,-9.63
143611,0.00,-0.18,-1.86,-9.68
143644,0.00,-0.18,-1.86,-9.67
143676,-0.12,-0.16,-1.87,-9.65
143710,0.06,-0.17,-1.86,-9.68
143741,-0.06,-0.16,-1.88,-9.63
143773,-0.19,-0.15,-1.87,-9.65
143809,-0.06,-0.16,-1.87,-9.73
143842,-0.06,-0.18,-1.87,-9.60
143874,0.00,-0.17,-1.89,-9.64
143907,-0.06,-0.18,-1.87,-9.73
143940,0.00,-0.16,-1.87,-9.66
143971,0.06,-0.19,-1.89,-9.64
144006,0.12,-0.19,-1.90,-9.74
144037,-0.06,-0.18,-1.88,-9.61
144068,0.06,-0.17,-1.87,-9.65
144102,-0.06,-0.18,-1.85,-9.76
144137,0.00,-0.15,-1.87,-9.60
144167,-0.06,-0.18,-1.89,-9.67
144201,0.06,-0.16,-1.88,-9.74
144234,0.06,-0.16,-1.87,-9.62
144266,0.00,-0.17,-1.86,-9.66
144299,0.00,-0.15,-1.88,-9.64
144331,0.06,-0.17,-1.88,-9.63
144363,0.12,-0.18,-1.88,-9.67
144395,0.00,-0.17,-1.89,-9.63
144425,-0.06,-0.18,-1.86,-9.63
144461,-0.12,-0.15,-1.89,-9.71
144493,0.06,-0.16,-1.88,-9.70
144524,0.06,-0.16,-1.87,-9.64
144559,0.00,-0.17,-1.88,-9.72
144590,0.06,-0.18,-1.88,-9.62
144620,0.00,-0.16,-1.88,-9.66
144655,0.06,-0.17,-1.88,-9.76
144688,0.06,-0.17,-1.87,-9.64
144718,-0.12,-0.17,-1.88,-9.67
144752,0.00,-0.17,-1.90,-9.73
144785,0.00,-0.18,-1.88,-9.61
144817,0.06,-0.16,-1.86,-9.67
144849,-0.06,-0.16,-1.88,-9.62
144882,0.00,-0.17,-1.89,-9.63
144915,0.00,-0.15,-1.87,-9.72
144948,-0.12,-0.18,-1.88,-9.64
144982,0.00,-0.16,-1.88,-9.69
145012,-0.06,-0.18,-1.86,-9.68
145046,-0.12,-0.17,-1.87,-9.68
145079,0.06,-0.16,-1.89,-9.66
145112,-0.06,-0.16,-1.88,-9.65
145144,-0.06,-0.17,-1.87,-9.61
145177,0.12,-0.17,-1.88,-9.65
145211,0.00,-0.14,-1.87,-9.74
145243,0.00,-0.16,-1.88,-9.62
145273,0.00,-0.15,-1.88,-9.66
145307,-0.12,-0.16,-1.87,-9.75
145341,0.06,-0.14,-1.87,-9.64
145371,-0.12,-0.16,-1.87,-9.63
145405,0.06,-0.16,-1.90,-9.74
145439,0.00,-0.15,-1.87,-9.61
145469,0.00,-0.17,-1.88,-9.69
145503,-0.06,-0.15,-1.89,-9.74
145536,-0.06,-0.17,-1.88,-9.62
145568,-0.06,-0.17,-1.85,-9.63
145603,0.00,-0.18,-1.88,-9.74
145635,0.00,-0.18,-1.87,-9.62
145667,0.00,-0.17,-1.89,-9.72
145699,0.06,-0.17,-1.89,-9.61
145732,0.06,-0.18,-1.89,-9.62
145764,-0.12,-0.18,-1.88,-9.69
145797,-0.06,-0.17,-1.87,-9.65
145829,0.06,-0.18,-1.87,-9.63
145863,0.06,-0.18,-1.89,-9.65
145894,0.00,-0.15,-1.88,-9.68
145925,-0.06,-0.19,-1.86,-9.65
145960,0.12,-0.18,-1.86,-9.76
145993,-0.06,-0.18,-1.85,-9.65
146024,0.00,-0.17,-1.87,-9.64
146059,0.00,-0.16,-1.87,-9.75
146091,-0.06,-0.16,-1.90,-9.62
146121,0.00,-0.17,-1.87,-9.64
146155,0.06,-0.16,-1.88,-9.72
146188,-0.06,-0.16,-1.87,-9.61
146220,0.06,-0.17,-1.88,-9.71
146253,-0.06,-0.16,-1.86,-9.72
146286,0.06,-0.18,-1.87,-9.61
146319,0.06,-0.19,-1.87,-9.65
146352,-0.06,-0.17,-1.87,-9.65
146384,0.06,-0.17,-1.88,-9.64
146417,0.00,-0.17,-1.86,-9.67
146450,0.00,-0.16,-1.89,-9.61
146482,-0.06,-0.16,-1.86,-9.67
146514,-0.12,-0.18,-1.89,-9.71
146547,-0.06,-0.18,-1.88,-9.62
146581,0.06,-0.15,-1.88,-9.67
146614,-0.06,-0.16,-1.86,-9.68
146647,0.06,-0.15,-1.88,-9.62
146677,-0.12,-0.15,-1.87,-9.65
146712,0.06,-0.17,-1.87,-9.72
146744,0.00,-0.18,-1.89,-9.70
146775,-0.06,-0.19,-1.89,-9.67
146810,0.06,-0.14,-1.89,-9.73
146843,0.12,-0.19,-1.88,-9.65
146873,0.12,-0.14,-1.90,-9.66
146907,0.00,-0.16,-1.87,-9.76
146939,0.12,-0.18,-1.87,-9.61
146970,0.06,-0.17,-1.86,-9.67
147004,0.12,-0.14,-1.88,-9.63
147036,-0.06,-0.16,-1.88,-9.64
147068,0.12,-0.19,-1.87,-9.69
147101,0.00,-0.16,-1.85,-9.66
147134,0.06,-0.17,-1.88,-9.62
147166,0.12,-0.18,-1.87,-9.72
147197,0.06,-0.17,-1.90,-9.67
147228,-0.06,-0.15,-1.90,-9.63
147264,0.12,-0.17,-1.88,-9.75
147295,0.06,-0.17,-1.87,-9.63
147325,0.00,-0.17,-1.85,-9.67
147360,0.00,-0.16,-1.90,-9.75
147393,0.06,-0.19,-1.89,-9.63
147423,0.12,-0.17,-1.88,-9.65
147457,0.00,-0.17,-1.85,-9.72
147489,0.00,-0.18,-1.86,-9.61
147521,0.00,-0.18,-1.87,-9.74
147554,-0.06,-0.17,-1.87,-9.60
147587,0.12,-0.20,-1.86,-9.65
147618,0.06,-0.16,-1.87,-9.70
147652,0.06,-0.17,-1.89,-9.64
147684,0.06,-0.16,-1.86,-9.65
147716,-0.06,-0.16,-1.87,-9.69
147748,0.00,-0.19,-1.88,-9.71
147780,0.00,-0.16,-1.87,-9.65
147814,-0.06,-0.18,-1.88,-9.75
147847,0.00,-0.17,-1.87,-9.63
147877,0.00,-0.17,-1.85,-9.68
147912,-0.06,-0.18,-1.87,-9.74
147945,0.06,-0.17,-1.87,-9.62
147975,-0.06,-0.17,-1.86,-9.62
148009,0.00,-0.15,-1.87,-9.76
148043,-0.12,-0.15,-1.87,-9.65
148074,0.00,-0.16,-1.85,-9.64
148108,-0.12,-0.15,-1.88,-9.72
148142,-0.06,-0.18,-1.89,-9.63
148173,-0.06,-0.16,-1.87,-9.70
148207,0.06,-0.17,-1.89,-9.76
148240,-0.06,-0.16,-1.86,-9.63
148273,0.00,-0.17,-1.87,-9.68
148305,0.00,-0.19,-1.87,-9.60
148337,0.00,-0.16,-1.86,-9.63
148370,0.06,-0.16,-1.86,-9.68
148403,-0.06,-0.17,-1.86,-9.62
148435,-0.06,-0.17,-1.89,-9.65
148468,0.00,-0.18,-1.87,-9.71
148501,0.00,-0.17,-1.87,-9.65
148532,0.00,-0.18,-1.87,-9.64
148567,-0.06,-0.17,-1.90,-9.74
148598,0.06,-0.17,-1.87,-9.69
148629,0.00,-0.17,-1.89,-9.65
148664,-0.06,-0.17,-1.88,-9.73
148697,-0.06,-0.16,-1.86,-9.63
148727,0.06,-0.19,-1.88,-9.60
148762,0.00,-0.18,-1.87,-9.75
148795,0.00,-0.16,-1.87,-9.64
148825,0.00,-0.16,-1.89,-9.62
148858,-0.06,-0.16,-1.87,-9.72
148892,0.06,-0.19,-1.88,-9.65
148923,0.00,-0.19,-1.86,-9.69
148957,0.00,-0.17,-1.89,-9.63
148988,0.00,-0.16,-1.88,-9.63
149021,0.00,-0.20,-1.86,-9.71
149054,0.06,-0.16,-1.89,-9.66
149086,-0.06,-0.14,-1.87,-9.64
149118,0.00,-0.18,-1.89,-9.66
149151,-0.06,-0.18,-1.87,-9.61
149183,0.06,-0.14,-1.87,-9.69
149218,0.00,-0.18,-1.87,-9.73
149249,0.06,-0.14,-1.87,-9.62
149279,0.06,-0.17,-1.89,-9.67
149314,-0.06,-0.17,-1.88,-9.72
149347,-0.06,-0.18,-1.88,-9.61
149378,0.06,-0.16,-1.86,-9.62
149412,-0.12,-0.17,-1.87,-9.73
149446,0.00,-0.17,-1.88,-9.61
149476,0.00,-0.16,-1.88,-9.66
149510,0.00,-0.18,-1.89,-9.73
149541,0.00,-0.17,-1.86,-9.60
149574,0.00,-0.17,-1.87,-9.69
149607,-0.06,-0.18,-1.88,-9.71
149640,0.00,-0.17,-1.87,-9.63
149671,-0.06,-0.16,-1.88,-9.68
149706,0.00,-0.16,-1.87,-9.60
149738,0.00,-0.17,-1.86,-9.62
149770,0.00,-0.17,-1.89,-9.70
149801,-0.12,-0.17,-1.87,-9.65
149834,0.00,-0.17,-1.87,-9.61
149868,0.06,-0.16,-1.89,-9.73
149900,0.00,-0.17,-1.86,-9.67
149929,0.06,-0.18,-1.90,-9.65
149965,0.12,-0.15,-1.88,-9.72
149997,0.12,-0.16,-1.88,-9.62
150027,-0.06,-0.19,-1.88,-9.67
150062,0.00,-0.18,-1.87,-9.76
150094,0.06,-0.16,-1.87,-9.64
150125,0.00,-0.19,-1.87,-9.67
150159,-0.12,-0.16,-1.87,-9.72
150192,0.06,-0.18,-1.87,-9.61
150224,0.12,-0.16,-1.88,-9.71
150257,0.00,-0.17,-1.90,-9.62
150289,0.00,-0.18,-1.86,-9.62
150321,-0.06,-0.18,-1.87,-9.67
150354,0.00,-0.17,-1.89,-9.63
150386,-0.06,-0.16,-1.87,-9.64
150420,-0.06,-0.17,-1.87,-9.70
150453,0.00,-0.19,-1.89,-9.69
150483,0.06,-0.17,-1.88,-9.66
150518,0.00,-0.17,-1.86,-9.74
150550,0.06,-0.17,-1.89,-9.62
150580,0.00,-0.17,-1.88,-9.63
150615,0.06,-0.19,-1.87,-9.75
150646,0.00,-0.15,-1.90,-9.64
150677,-0.06,-0.18,-1.87,-9.67
150712,-0.06,-0.16,-1.88,-9.73
150746,0.00,-0.14,-1.87,-9.64
150776,0.12,-0.16,-1.87,-9.70
150810,0.00,-0.18,-1.87,-9.73
150842,0.00,-0.17,-1.86,-9.62
150875,0.00,-0.18,-1.88,-9.70
150907,0.00,-0.16,-1.87,-9.69
150939,-0.06,-0.18,-1.88,-9.64
150972,-0.12,-0.16,-1.87,-9.69
151006,-0.06,-0.17,-1.90,-9.61
151038,0.06,-0.18,-1.86,-9.66
151071,-0.06,-0.16,-1.90,-9.71
151104,0.00,-0.16,-1.89,-9.64
151135,-0.06,-0.18,-1.87,-9.65
151170,-0.06,-0.18,-1.89,-9.69
151202,0.00,-0.16,-1.88,-9.66
151233,-0.06,-0.16,-1.89,-9.63
151269,0.12,-0.17,-1.87,-9.73
151301,0.06,-0.16,-1.88,-9.69
151330,0.12,-0.17,-1.88,-9.66
151365,-0.06,-0.16,-1.90,-9.73
151399,0.06,-0.17,-1.87,-9.62
151429,-0.06,-0.17,-1.86,-9.66
151463,0.00,-0.17,-1.88,-9.74
151496,-0.06,-0.14,-1.87,-9.66
151528,0.06,-0.15,-1.88,-9.71
151562,-0.12,-0.16,-1.88,-9.72
151595,0.06,-0.15,-1.88,-9.67
151627,0.19,-0.16,-1.88,-9.68
151660,-0.12,-0.15,-1.88,-9.61
151693,-0.06,-0.18,-1.88,-9.61
151726,0.12,-0.15,-1.88,-9.67
151758,0.12,-0.18,-1.89,-9.64
151790,0.00,-0.17,-1.86,-9.66
151823,0.00,-0.15,-1.87,-9.67
151855,0.00,-0.16,-1.88,-9.65
151885,-0.06,-0.15,-1.87,-9.66
151921,-0.06,-0.17,-1.85,-9.74
151953,-0.06,-0.20,-1.89,-9.63
151986,-0.06,-0.19,-1.87,-9.65
152020,0.00,-0.15,-1.87,-9.74
152052,0.06,-0.16,-1.85,-9.65
152083,0.06,-0.18,-1.88,-9.66
152118,-0.06,-0.17,-1.88,-9.71
152151,-0.06,-0.15,-1.87,-9.61
152181,-0.12,-0.14,-1.90,-9.66
152217,0.00,-0.18,-1.88,-9.73
152250,-0.06,-0.15,-1.86,-9.61
152281,-0.06,-0.18,-1.87,-9.65
152315,-0.06,-0.16,-1.89,-9.76
152349,-0.12,-0.18,-1.87,-9.61
152381,0.06,-0.15,-1.88,-9.64
152414,0.00,-0.17,-1.90,-9.76
152446,-0.06,-0.17,-1.89,-9.62
152479,-0.06,-0.17,-1.87,-9.70
152513,0.00,-0.15,-1.89,-9.76
152546,-0.06,-0.18,-1.89,-9.62
152579,0.06,-0.17,-1.88,-9.71
152611,0.00,-0.16,-1.88,-9.69
152643,0.00,-0.16,-1.88,-9.64
152676,0.00,-0.16,-1.87,-9.69
152709,0.06,-0.17,-1.90,-9.61
152739,0.00,-0.14,-1.87,-9.68
152773,0.06,-0.16,-1.89,-9.70
152804,-0.06,-0.17,-1.88,-9.61
152836,-0.06,-0.18,-1.87,-9.64
152871,0.06,-0.19,-1.87,-9.76
152903,0.00,-0.15,-1.86,-9.63
152933,0.00,-0.18,-1.87,-9.65
152968,-0.06,-0.17,-1.86,-9.73
153001,0.00,-0.16,-1.89,-9.63
153031,-0.06,-0.17,-1.88,-9.68
153066,0.00,-0.17,-1.87,-9.73
153100,0.00,-0.16,-1.87,-9.63
153129,-0.06,-0.17,-1.88,-9.68
153164,0.00,-0.15,-1.89,-9.74
153196,-0.12,-0.18,-1.89,-9.62
153230,0.00,-0.16,-1.87,-9.68
153263,-0.06,-0.17,-1.87,-9.62
153295,-0.12,-0.18,-1.87,-9.63
153328,0.00,-0.17,-1.89,-9.68
153361,-0.12,-0.17,-1.87,-9.63
153394,0.00,-0.14,-1.89,-9.61
153426,0.00,-0.19,-1.88,-9.69
153459,-0.06,-0.16,-1.85,-9.66
153492,-0.06,-0.17,-1.87,-9.61
153525,0.00,-0.17,-1.87,-9.65
153558,0.06,-0.17,-1.87,-9.60
153588,-0.06,-0.16,-1.87,-9.65
153623,0.00,-0.19,-1.88,-9.74
153655,0.06,-0.17,-1.87,-9.61
153686,-0.12,-0.16,-1.86,-9.62
153721,-0.06,-0.18,-1.88,-9.77
153754,-0.06,-0.17,-1.89,-9.67
153786,0.06,-0.17,-1.87,-9.62
153820,0.00,-0.19,-1.88,-9.72
153852,0.00,-0.18,-1.86,-9.62
153882,0.06,-0.17,-1.86,-9.62
153916,0.00,-0.15,-1.86,-9.71
153949,-0.06,-0.18,-1.88,-9.63
153980,0.06,-0.16,-1.87,-9.69
154014,0.06,-0.15,-1.89,-9.68
154046,0.00,-0.16,-1.87,-9.62
154078,-0.06,-0.14,-1.88,-9.65
154112,0.00,-0.16,-1.87,-9.60
154144,0.00,-0.16,-1.89,-9.67
154176,0.00,-0.17,-1.86,-9.70
154208,0.00,-0.17,-1.87,-9.66
154238,0.06,-0.18,-1.87,-9.67
154273,-0.06,-0.18,-1.86,-9.74
154306,-0.06,-0.15,-1.86,-9.70
154338,-0.12,-0.18,-1.86,-9.64
154373,0.06,-0.19,-1.88,-9.74
154405,-0.06,-0.18,-1.89,-9.62
154436,0.00,-0.18,-1.88,-9.65
154471,0.06,-0.17,-1.87,-9.76
154504,-0.06,-0.18,-1.88,-9.61
154533,0.00,-0.14,-1.87,-9.66
154568,0.06,-0.17,-1.88,-9.71
154601,-0.06,-0.16,-1.90,-9.62
154633,-0.12,-0.16,-1.88,-9.69
154667,0.06,-0.16,-1.87,-9.72
154699,0.00,-0.16,-1.86,-9.65
154731,-0.06,-0.16,-1.86,-9.70
154766,-0.06,-0.16,-1.88,-9.64
154798,0.00,-0.16,-1.89,-9.61
154830,0.06,-0.16,-1.87,-9.69
154863,0.00,-0.16,-1.88,-9.70
154896,-0.12,-0.16,-1.89,-9.67
154928,0.00,-0.17,-1.88,-9.65
154960,0.00,-0.15,-1.87,-9.61
154991,-0.12,-0.18,-1.87,-9.66
155026,0.00,-0.17,-1.88,-9.67
155058,0.00,-0.19,-1.88,-9.62
155088,-0.06,-0.17,-1.89,-9.64
155124,0.00,-0.18,-1.87,-9.73
155156,-0.06,-0.18,-1.87,-9.65
155188,0.06,-0.16,-1.87,-9.63
155222,0.00,-0.17,-1.86,-9.75
155254,0.06,-0.15,-1.89,-9.64
155284,0.12,-0.15,-1.87,-9.69
155318,-0.06,-0.16,-1.87,-9.75
155352,-0.06,-0.18,-1.87,-9.63
155383,-0.12,-0.20,-1.89,-9.69
155418,0.00,-0.17,-1.89,-9.76
155450,0.06,-0.15,-1.88,-9.61
155483,0.00,-0.18,-1.89,-9.72
155515,0.00,-0.18,-1.88,-9.61
155547,0.12,-0.16,-1.90,-9.61
155579,-0.06,-0.17,-1.88,-9.72
155613,-0.06,-0.18,-1.89,-9.62
155645,0.00,-0.17,-1.89,-9.63
155678,0.00,-0.18,-1.87,-9.68
155710,0.00,-0.17,-1.89,-9.68
155741,0.00,-0.16,-1.88,-9.66
155776,0.00,-0.17,-1.89,-9.73
155807,0.00,-0.17,-1.88,-9.60
155837,0.00,-0.17,-1.89,-9.63
155871,-0.12,-0.19,-1.88,-9.75
155906,-0.12,-0.16,-1.88,-9.61
155935,0.06,-0.19,-1.90,-9.63
155970,0.00,-0.18,-1.88,-9.73
156003,-0.06,-0.17,-1.87,-9.62
156035,0.00,-0.15,-1.87,-9.71
156068,0.00,-0.16,-1.88,-9.74
156100,-0.06,-0.15,-1.88,-9.64
156133,0.00,-0.17,-1.90,-9.69
156167,0.00,-0.16,-1.90,-9.67
156198,0.12,-0.17,-1.89,-9.65
156230,-0.06,-0.17,-1.85,-9.67
156264,-0.12,-0.18,-1.86,-9.59
156297,-0.06,-0.17,-1.86,-9.65
156329,0.12,-0.16,-1.86,-9.72
156362,-0.12,-0.16,-1.88,-9.60
156395,-0.06,-0.17,-1.89,-9.64
156429,0.06,-0.17,-1.87,-9.71
156461,0.06,-0.15,-1.88,-9.62
156492,0.00,-0.16,-1.87,-9.63
156526,0.06,-0.19,-1.87,-9.75
156558,-0.12,-0.16,-1.89,-9.62
156590,0.00,-0.16,-1.87,-9.65
156623,0.00,-0.18,-1.85,-9.77
156656,-0.12,-0.16,-1.88,-9.61
156687,-0.06,-0.17,-1.88,-9.65
156722,0.00,-0.19,-1.88,-9.73
156755,0.06,-0.15,-1.88,-9.61
156785,-0.06,-0.15,-1.89,-9.67
156820,0.00,-0.18,-1.87,-9.73
156852,0.00,-0.19,-1.88,-9.66
156884,0.00,-0.16,-1.86,-9.70
156917,-0.06,-0.16,-1.88,-9.64
156950,0.00,-0.18,-1.86,-9.64
156982,-0.12,-0.17,-1.89,-9.71
157016,0.00,-0.17,-1.88,-9.67
157048,-0.06,-0.17,-1.89,-9.66
157081,0.00,-0.15,-1.86,-9.67
157113,-0.06,-0.19,-1.87,-9.61
157146,-0.06,-0.18,-1.87,-9.67
157180,-0.12,-0.15,-1.87,-9.71
157213,0.06,-0.19,-1.89,-9.59
157243,-0.12,-0.17,-1.88,-9.67
157279,0.00,-0.17,-1.88,-9.72
157310,0.06,-0.18,-1.87,-9.66
157341,0.00,-0.16,-1.86,-9.65
157376,-0.06,-0.18,-1.86,-9.75
157409,0.00,-0.17,-1.89,-9.66
157438,-0.06,-0.18,-1.86,-9.64
157474,0.06,-0.16,-1.87,-9.74
157507,-0.06,-0.15,-1.87,-9.63
157538,-0.12,-0.20,-1.89,-9.64
157573,0.00,-0.19,-1.87,-9.74
157605,0.00,-0.16,-1.89,-9.62
157636,0.12,-0.17,-1.86,-9.65
157670,0.00,-0.20,-1.89,-9.72
157702,0.12,-0.19,-1.88,-9.63
157733,-0.06,-0.16,-1.86,-9.71
157767,-0.06,-0.17,-1.87,-9.65
157801,-0.06,-0.16,-1.87,-9.61
157834,0.06,-0.17,-1.90,-9.67
157867,-0.12,-0.17,-1.88,-9.68
157900,0.00,-0.16,-1.86,-9.64
157932,0.12,-0.17,-1.87,-9.68
157964,-0.06,-0.18,-1.86,-9.65
157997,0.00,-0.16,-1.89,-9.67
158029,0.06,-0.15,-1.87,-9.76
158061,0.12,-0.17,-1.85,-9.63
158092,-0.06,-0.19,-1.88,-9.64
158128,-0.12,-0.16,-1.86,-9.74
158160,0.06,-0.17,-1.87,-9.64
158191,0.00,-0.16,-1.86,-9.62
158225,0.00,-0.16,-1.86,-9.73
158258,-0.06,-0.17,-1.88,-9.62
158288,-0.06,-0.14,-1.87,-9.69
158323,0.00,-0.17,-1.89,-9.78
158356,0.00,-0.15,-1.88,-9.62
158388,0.00,-0.17,-1.86,-9.69
158420,-0.06,-0.15,-1.87,-9.68
158453,-0.06,-0.17,-1.87,-9.61
158487,0.00,-0.17,-1.85,-9.65
158520,0.06,-0.17,-1.86,-9.63
158552,0.00,-0.17,-1.88,-9.63
158583,0.06,-0.18,-1.86,-9.69
158616,-0.06,-0.20,-1.87,-9.63
158649,-0.06,-0.17,-1.88,-9.67
158683,0.00,-0.13,-1.89,-9.68
158714,0.00,-0.17,-1.87,-9.64
158745,0.12,-0.17,-1.88,-9.63
158780,-0.06,-0.17,-1.88,-9.73
158813,-0.06,-0.17,-1.88,-9.61
158843,0.06,-0.17,-1.88,-9.65
158878,0.12,-0.17,-1.88,-9.74
158911,0.06,-0.14,-1.86,-9.63
158941,-0.06,-0.17,-1.85,-9.64
158976,-0.06,-0.15,-1.86,-9.74
159009,-0.06,-0.17,-1.86,-9.63
159040,-0.06,-0.17,-1.85,-9.62
159076,0.06,-0.17,-1.89,-9.73
159109,0.00,-0.15,-1.87,-9.65
159139,0.06,-0.16,-1.87,-9.71
159172,0.06,-0.16,-1.88,-9.76
159204,-0.06,-0.18,-1.87,-9.60
159238,-0.12,-0.15,-1.87,-9.71
159271,-0.12,-0.19,-1.90,-9.69
159304,0.00,-0.16,-1.89,-9.61
159337,0.12,-0.16,-1.87,-9.73
159370,0.06,-0.15,-1.88,-9.60
159401,0.06,-0.17,-1.89,-9.64
159433,0.06,-0.18,-1.88,-9.71
159465,-0.06,-0.19,-1.86,-9.64
159498,0.12,-0.17,-1.88,-9.64
159532,-0.06,-0.19,-1.87,-9.74
159564,0.00,-0.15,-1.88,-9.68
159595,0.06,-0.16,-1.87,-9.62
159630,-0.06,-0.16,-1.87,-9.73
159663,0.06,-0.17,-1.89,-9.63
159692,0.06,-0.17,-1.90,-9.66
159726,0.06,-0.16,-1.87,-9.76
159760,0.00,-0.16,-1.89,-9.62
159790,0.06,-0.17,-1.88,-9.66
159823,0.12,-0.16,-1.85,-9.77
159855,0.00,-0.16,-1.88,-9.63
159888,-0.12,-0.18,-1.87,-9.71
159922,0.00,-0.15,-1.86,-9.61
159953,-0.06,-0.17,-1.87,-9.65
159986,-0.12,-0.18,-1.89,-9.69
160021,-0.06,-0.18,-1.88,-9.65
160054,0.00,-0.17,-1.88,-9.60
160086,0.00,-0.15,-1.87,-9.67
160117,-0.06,-0.16,-1.88,-9.67
160150,0.06,-0.16,-1.86,-9.66
160184,0.00,-0.16,-1.87,-9.76
160215,0.00,-0.18,-1.91,-9.62
160245,0.00,-0.18,-1.87,-9.68
160280,0.00,-0.17,-1.85,-9.75
160313,0.00,-0.16,-1.85,-9.60
160342,0.00,-0.19,-1.89,-9.64
160376,-0.06,-0.16,-1.89,-9.74
160410,0.00,-0.15,-1.88,-9.64
160441,0.00,-0.16,-1.84,-9.72
160475,-0.06,-0.17,-1.90,-9.75
160507,0.06,-0.18,-1.87,-9.64
160540,-0.06,-0.18,-1.87,-9.66
160574,0.06,-0.18,-1.87,-9.70
160605,0.06,-0.15,-1.87,-9.62
160637,0.00,-0.17,-1.88,-9.69
160670,0.00,-0.18,-1.89,-9.64
160702,0.00,-0.17,-1.88,-9.66
160735,-0.06,-0.17,-1.88,-9.70
160768,0.06,-0.15,-1.87,-9.61
160798,0.00,-0.16,-1.87,-9.65
160833,-0.06,-0.17,-1.89,-9.76
160866,0.06,-0.16,-1.87,-9.66
160896,-0.06,-0.13,-1.87,-9.66
160931,0.06,-0.19,-1.87,-9.70
160964,0.00,-0.15,-1.89,-9.63
160994,-0.06,-0.16,-1.89,-9.65
161029,-0.06,-0.17,-1.89,-9.77
161062,0.00,-0.17,-1.85,-9.62
161092,0.00,-0.16,-1.86,-9.70
161126,0.00,-0.16,-1.88,-9.71
161159,0.06,-0.17,-1.86,-9.61
161190,0.00,-0.17,-1.89,-9.65
161224,0.00,-0.16,-1.89,-9.63
161256,0.06,-0.17,-1.89,-9.62
161288,0.00,-0.16,-1.89,-9.72
161320,0.00,-0.17,-1.87,-9.61
161350,-0.06,-0.19,-1.88,-9.66
161386,0.00,-0.17,-1.86,-9.70
161418,0.00,-0.18,-1.87,-9.68
161448,0.00,-0.14,-1.87,-9.65
161483,-0.06,-0.15,-1.88,-9.73
161516,-0.12,-0.16,-1.89,-9.61
161547,0.00,-0.16,-1.88,-9.67
161582,-0.12,-0.17,-1.87,-9.74
161614,0.00,-0.18,-1.89,-9.63
161644,0.06,-0.16,-1.88,-9.64
161679,-0.12,-0.17,-1.87,-9.75
161713,0.06,-0.17,-1.87,-9.62
161743,0.12,-0.17,-1.87,-9.72
161776,0.00,-0.16,-1.86,-9.70
161809,-0.06,-0.19,-1.88,-9.61
161842,0.00,-0.17,-1.87,-9.69
161874,0.00,-0.16,-1.89,-9.63
161906,-0.06,-0.17,-1.87,-9.63
161940,-0.06,-0.17,-1.87,-9.68
161974,0.06,-0.17,-1.88,-9.68
162006,0.00,-0.18,-1.89,-9.63
162037,-0.06,-0.17,-1.87,-9.71
162071,0.06,-0.18,-1.86,-9.61
162102,-0.06,-0.16,-1.87,-9.65
162137,0.00,-0.16,-1.87,-9.70
162168,0.00,-0.16,-1.88,-9.63
162199,0.00,-0.16,-1.87,-9.61
162234,-0.12,-0.16,-1.87,-9.72
162267,0.00,-0.16,-1.88,-9.63
162296,0.12,-0.17,-1.86,-9.62
162330,-0.06,-0.18,-1.88,-9.75
162365,0.00,-0.16,-1.86,-9.64
162395,0.00,-0.17,-1.87,-9.64
162428,-0.06,-0.16,-1.89,-9.78
162462,0.06,-0.16,-1.87,-9.62
162493,-0.06,-0.16,-1.86,-9.65
162528,-0.06,-0.17,-1.89,-9.76
162561,-0.12,-0.17,-1.86,-9.59
162593,0.00,-0.18,-1.87,-9.72
162627,0.00,-0.17,-1.87,-9.61
162658,-0.06,-0.18,-1.88,-9.63
162692,-0.06,-0.14,-1.88,-9.72
162725,0.00,-0.17,-1.88,-9.66
162757,-0.06,-0.17,-1.88,-9.63
162791,-0.12,-0.17,-1.86,-9.69
162825,0.00,-0.17,-1.86,-9.67
162856,-0.06,-0.19,-1.88,-9.64
162889,-0.06,-0.17,-1.86,-9.73
162923,0.00,-0.16,-1.88,-9.65
162954,-0.06,-0.16,-1.88,-9.64
162989,0.00,-0.16,-1.86,-9.70
163020,-0.12,-0.14,-1.87,-9.64
163052,0.00,-0.16,-1.87,-9.63
163087,-0.06,-0.17,-1.88,-9.73
163119,0.00,-0.17,-1.88,-9.67
163149,0.00,-0.16,-1.87,-9.64
163184,0.00,-0.15,-1.89,-9.73
163217,0.00,-0.17,-1.89,-9.63
163246,0.00,-0.18,-1.89,-9.68
163280,0.06,-0.16,-1.89,-9.75
163312,-0.06,-0.16,-1.86,-9.62
163345,-0.06,-0.16,-1.88,-9.67
163379,0.00,-0.15,-1.89,-9.75
163411,-0.06,-0.19,-1.87,-9.63
163444,-0.06,-0.17,-1.86,-9.69
163478,-0.06,-0.19,-1.85,-9.73
163511,0.00,-0.17,-1.87,-9.61
163544,-0.06,-0.15,-1.88,-9.67
163577,0.12,-0.17,-1.88,-9.66
163609,0.00,-0.15,-1.89,-9.63
163641,0.00,-0.18,-1.87,-9.69
163674,0.06,-0.17,-1.88,-9.69
163705,-0.06,-0.18,-1.89,-9.67
163739,0.06,-0.19,-1.88,-9.70
163771,-0.06,-0.18,-1.88,-9.63
163803,0.06,-0.19,-1.86,-9.64
163837,0.00,-0.16,-1.85,-9.75
163869,0.06,-0.19,-1.87,-9.65
163899,-0.06,-0.18,-1.86,-9.64
163935,-0.06,-0.16,-1.87,-9.74
163969,-0.06,-0.16,-1.89,-9.62
163999,0.12,-0.16,-1.87,-9.66
164033,-0.06,-0.15,-1.90,-9.74
164067,0.00,-0.16,-1.87,-9.63
164098,0.00,-0.16,-1.86,-9.62
164130,0.06,-0.16,-1.86,-9.75
164163,-0.06,-0.18,-1.90,-9.61
164196,-0.12,-0.15,-1.88,-9.69
164230,-0.12,-0.18,-1.89,-9.77
164262,0.00,-0.20,-1.89,-9.66
164295,0.00,-0.18,-1.87,-9.70
164328,-0.06,-0.16,-1.86,-9.62
164361,0.06,-0.16,-1.88,-9.65
164393,0.00,-0.16,-1.89,-9.68
164426,-0.06,-0.18,-1.86,-9.66
164459,0.06,-0.17,-1.87,-9.62
164491,0.00,-0.18,-1.88,-9.68
164523,-0.06,-0.17,-1.86,-9.68
164554,-0.12,-0.17,-1.87,-9.68
164590,0.00,-0.18,-1.86,-9.68
164622,-0.06,-0.18,-1.88,-9.64
164653,0.12,-0.15,-1.86,-9.64
164688,0.06,-0.19,-1.87,-9.74
164720,0.00,-0.18,-1.86,-9.63
164750,0.00,-0.17,-1.88,-9.64
164784,0.00,-0.18,-1.87,-9.72
164817,-0.06,-0.16,-1.85,-9.61
164848,0.06,-0.19,-1.87,-9.72
164881,-0.06,-0.18,-1.85,-9.74
164916,0.00,-0.16,-1.89,-9.61
164946,-0.06,-0.16,-1.88,-9.65
164981,-0.06,-0.17,-1.91,-9.77
165014,0.06,-0.17,-1.88,-9.62
165046,-0.06,-0.20,-1.88,-9.69
165080,0.06,-0.17,-1.87,-9.61
165111,0.00,-0.17,-1.88,-9.62
165144,-0.06,-0.15,-1.88,-9.71
165178,-0.12,-0.16,-1.88,-9.65
165211,-0.06,-0.14,-1.87,-9.64
165243,0.00,-0.16,-1.89,-9.69
165276,0.00,-0.17,-1.88,-9.67
165308,0.06,-0.15,-1.88,-9.61
165341,0.00,-0.17,-1.88,-9.67
165372,0.00,-0.17,-1.88,-9.71
165403,-0.12,-0.17,-1.88,-9.67
165439,-0.06,-0.18,-1.88,-9.75
165472,-0.06,-0.18,-1.86,-9.64
165504,0.06,-0.15,-1.88,-9.63
165538,0.00,-0.17,-1.88,-9.74
165570,0.00,-0.16,-1.87,-9.65
165600,0.00,-0.18,-1.87,-9.62
165634,0.06,-0.17,-1.86,-9.71
165666,0.06,-0.15,-1.86,-9.62
165698,0.00,-0.16,-1.87,-9.69
165732,-0.06,-0.15,-1.87,-9.65
165764,0.12,-0.18,-1.88,-9.61
165796,-0.06,-0.19,-1.87,-9.65
165830,0.00,-0.17,-1.87,-9.69
165862,-0.06,-0.15,-1.88,-9.61
165895,0.12,-0.17,-1.87,-9.67
165927,-0.12,-0.16,-1.88,-9.62
165960,0.12,-0.18,-1.89,-9.67
165993,-0.06,-0.15,-1.88,-9.67
166026,0.00,-0.16,-1.88,-9.61
166056,-0.06,-0.18,-1.87,-9.61
166092,0.00,-0.16,-1.87,-9.72
166123,-0.12,-0.16,-1.89,-9.64
166155,0.00,-0.15,-1.89,-9.61
166190,-0.12,-0.18,-1.89,-9.72
166222,0.00,-0.16,-1.88,-9.61
166253,0.00,-0.16,-1.87,-9.65
166287,0.00,-0.18,-1.89,-9.74
166320,0.06,-0.14,-1.88,-9.62
166350,-0.06,-0.15,-1.88,-9.68
166384,0.06,-0.14,-1.87,-9.75
166417,-0.06,-0.18,-1.89,-9.61
166449,0.06,-0.17,-1.87,-9.70
166482,-0.06,-0.15,-1.88,-9.72
166515,-0.12,-0.17,-1.87,-9.64
166549,-0.06,-0.17,-1.89,-9.68
166583,-0.06,-0.18,-1.88,-9.72
166616,0.00,-0.14,-1.87,-9.61
166648,0.06,-0.17,-1.88,-9.69
166681,-0.06,-0.16,-1.86,-9.64
166713,-0.06,-0.15,-1.89,-9.61
166747,0.00,-0.18,-1.86,-9.66
166779,0.12,-0.16,-1.88,-9.60
166811,-0.12,-0.15,-1.87,-9.62
166844,-0.12,-0.17,-1.87,-9.71
166878,-0.12,-0.18,-1.88,-9.60
166912,0.00,-0.17,-1.88,-9.63
166943,0.00,-0.14,-1.88,-9.65
166975,0.06,-0.17,-1.90,-9.69
167006,-0.06,-0.16,-1.86,-9.64
167042,-0.06,-0.16,-1.87,-9.73
167074,-0.06,-0.18,-1.88,-9.60
167106,0.06,-0.16,-1.88,-9.64
167141,-0.06,-0.14,-1.87,-9.74
167174,-0.06,-0.17,-1.86,-9.58
167204,-0.06,-0.16,-1.88,-9.64
167240,-0.06,-0.16,-1.88,-9.72
167273,0.06,-0.17,-1.87,-9.60
167304,0.06,-0.16,-1.88,-9.62
167337,0.06,-0.16,-1.87,-9.71
167370,0.12,-0.17,-1.86,-9.63
167401,0.00,-0.18,-1.88,-9.67
167435,0.06,-0.18,-1.87,-9.73
167467,0.19,-0.17,-1.89,-9.61
167498,0.00,-0.17,-1.87,-9.66
167531,0.06,-0.16,-1.87,-9.69
167564,0.00,-0.20,-1.88,-9.62
167596,0.00,-0.16,-1.86,-9.63
167627,0.06,-0.17,-1.89,-9.62
167658,0.00,-0.18,-1.86,-9.64
167693,0.06,-0.16,-1.89,-9.72
167725,-0.06,-0.18,-1.87,-9.64
167755,0.12,-0.18,-1.87,-9.65
167790,0.00,-0.18,-1.90,-9.74
167823,0.06,-0.18,-1.90,-9.63
167853,0.00,-0.15,-1.89,-9.61
167886,0.00,-0.16,-1.88,-9.73
167918,0.12,-0.16,-1.88,-9.62
167951,-0.06,-0.16,-1.90,-9.67
167985,-0.06,-0.18,-1.88,-9.73
168017,0.00,-0.17,-1.87,-9.61
168050,0.19,-0.16,-1.87,-9.69
168083,-0.12,-0.18,-1.88,-9.63
168116,-0.06,-0.16,-1.87,-9.63
168148,0.06,-0.15,-1.89,-9.73
168181,0.00,-0.17,-1.86,-9.61
168213,0.06,-0.16,-1.86,-9.69
168246,0.00,-0.18,-1.88,-9.69
168278,0.12,-0.17,-1.89,-9.62
168308,0.00,-0.17,-1.88,-9.64
168343,-0.06,-0.17,-1.86,-9.72
168376,0.00,-0.16,-1.87,-9.70
168406,0.06,-0.15,-1.87,-9.67
168440,0.00,-0.19,-1.88,-9.72
168472,0.06,-0.16,-1.87,-9.65
168503,-0.06,-0.17,-1.89,-9.70
168538,-0.06,-0.17,-1.88,-9.78
168571,-0.06,-0.16,-1.86,-9.62
168602,-0.06,-0.17,-1.88,-9.68
168637,-0.12,-0.17,-1.86,-9.73
168671,-0.06,-0.17,-1.89,-9.64
168702,0.00,-0.18,-1.87,-9.71
168736,-0.06,-0.17,-1.87,-9.74
168769,0.00,-0.18,-1.85,-9.62
168802,0.00,-0.17,-1.86,-9.69
168835,-0.12,-0.17,-1.88,-9.69
168867,0.00,-0.15,-1.89,-9.61
168899,-0.06,-0.17,-1.88,-9.69
168933,0.00,-0.17,-1.87,-9.60
168966,0.06,-0.17,-1.88,-9.65
168997,0.06,-0.18,-1.86,-9.69
169029,0.12,-0.17,-1.89,-9.61
169060,0.00,-0.18,-1.87,-9.63
169095,0.00,-0.17,-1.89,-9.71
169126,0.00,-0.17,-1.86,-9.63
169156,-0.06,-0.19,-1.88,-9.63
169192,0.06,-0.15,-1.87,-9.72
169225,0.06,-0.17,-1.88,-9.61
169254,0.00,-0.17,-1.88,-9.65
169288,-0.06,-0.18,-1.87,-9.76
169322,0.06,-0.17,-1.86,-9.61
169353,0.06,-0.16,-1.88,-9.66
169387,0.00,-0.16,-1.89,-9.71
169418,0.00,-0.16,-1.87,-9.60
169451,0.12,-0.18,-1.86,-9.66
169484,-0.06,-0.17,-1.86,-9.60
169517,-0.06,-0.19,-1.87,-9.63
169549,0.06,-0.14,-1.89,-9.68
169582,-0.06,-0.16,-1.88,-9.61
169615,-0.12,-0.16,-1.86,-9.66
169649,0.06,-0.14,-1.89,-9.67
169680,0.06,-0.16,-1.88,-9.66
169711,0.00,-0.16,-1.88,-9.64
169745,0.00,-0.17,-1.88,-9.73
169778,0.00,-0.15,-1.86,-9.61
169807,-0.06,-0.16,-1.86,-9.65
169843,-0.12,-0.18,-1.86,-9.72
169876,0.00,-0.16,-1.88,-9.61
169907,0.00,-0.17,-1.86,-9.65
169940,-0.12,-0.19,-1.88,-9.74
169974,-0.06,-0.17,-1.87,-9.63
170005,0.06,-0.15,-1.87,-9.72
170039,0.12,-0.17,-1.89,-9.74
170072,0.00,-0.16,-1.88,-9.62
170103,-0.06,-0.18,-1.88,-9.68
170138,-0.12,-0.17,-1.88,-9.65
170170,-0.12,-0.17,-1.90,-9.62
170204,-0.12,-0.18,-1.87,-9.68
170237,-0.06,-0.16,-1.86,-9.68
170270,-0.06,-0.18,-1.89,-9.62
170304,0.00,-0.18,-1.85,-9.66
170337,0.06,-0.16,-1.87,-9.61
170369,0.06,-0.18,-1.88,-9.65
170400,0.00,-0.16,-1.86,-9.69
170432,0.06,-0.17,-1.87,-9.63
170463,0.00,-0.17,-1.87,-9.63
170498,0.06,-0.14,-1.88,-9.74
170529,-0.06,-0.16,-1.88,-9.66
170560,0.06,-0.17,-1.87,-9.62
170595,-0.06,-0.19,-1.90,-9.72
170629,0.06,-0.15,-1.88,-9.62
170658,-0.06,-0.16,-1.87,-9.61
170693,0.06,-0.18,-1.87,-9.75
170726,0.00,-0.17,-1.88,-9.63
170757,0.00,-0.15,-1.88,-9.69
170789,-0.06,-0.17,-1.86,-9.75
170823,0.00,-0.16,-1.85,-9.61
170855,0.00,-0.15,-1.87,-9.72
170889,0.00,-0.17,-1.87,-9.61
170919,0.06,-0.17,-1.86,-9.63
170952,0.00,-0.16,-1.87,-9.71
170985,0.00,-0.16,-1.86,-9.64
171017,-0.06,-0.17,-1.87,-9.64
171051,-0.12,-0.17,-1.89,-9.68
171083,0.06,-0.18,-1.87,-9.64
171115,-0.06,-0.18,-1.88,-9.66
171150,0.12,-0.16,-1.88,-9.67
171181,0.06,-0.15,-1.88,-9.61
171212,0.06,-0.18,-1.86,-9.64
171246,0.00,-0.17,-1.85,-9.78
171279,0.06,-0.17,-1.88,-9.62
171309,0.06,-0.16,-1.85,-9.65
171342,-0.06,-0.18,-1.89,-9.71
171376,0.00,-0.15,-1.88,-9.62
171407,-0.06,-0.18,-1.88,-9.68
171441,-0.12,-0.16,-1.87,-9.73
171474,0.06,-0.16,-1.86,-9.63
171506,0.06,-0.18,-1.86,-9.68
171539,0.00,-0.16,-1.88,-9.65
171571,0.06,-0.17,-1.89,-9.65
171603,0.00,-0.19,-1.88,-9.67
171636,0.00,-0.17,-1.88,-9.61
171668,0.06,-0.16,-1.88,-9.65
171701,0.06,-0.18,-1.87,-9.71
171732,0.00,-0.16,-1.86,-9.62
171763,-0.06,-0.17,-1.86,-9.63
171799,-0.12,-0.17,-1.89,-9.74
171831,0.00,-0.15,-1.88,-9.62
171862,0.00,-0.18,-1.89,-9.61
171896,-0.06,-0.16,-1.86,-9.73
171930,0.06,-0.19,-1.85,-9.62
171959,-0.19,-0.17,-1.86,-9.65
171995,0.00,-0.17,-1.86,-9.72
172027,0.00,-0.18,-1.85,-9.61
172057,0.00,-0.16,-1.87,-9.68
172091,-0.06,-0.17,-1.85,-9.72
172124,-0.06,-0.15,-1.89,-9.63
172156,0.00,-0.16,-1.87,-9.62
172190,-0.06,-0.15,-1.89,-9.60
172223,0.06,-0.17,-1.85,-9.62
172256,0.06,-0.18,-1.89,-9.68
172289,-0.06,-0.16,-1.88,-9.63
172321,0.00,-0.17,-1.87,-9.61
172353,-0.12,-0.16,-1.85,-9.68
172387,-0.19,-0.18,-1.90,-9.64
172421,0.00,-0.18,-1.88,-9.64
172452,-0.06,-0.16,-1.88,-9.67
172485,-0.06,-0.15,-1.88,-9.61
172519,0.19,-0.15,-1.87,-9.65
172552,0.00,-0.17,-1.89,-9.70
172582,0.06,-0.16,-1.86,-9.60
172614,-0.06,-0.16,-1.88,-9.64
172649,-0.12,-0.17,-1.87,-9.71
172682,0.00,-0.18,-1.89,-9.65
172712,0.00,-0.16,-1.88,-9.64
172746,-0.12,-0.16,-1.88,-9.72
172780,-0.06,-0.17,-1.86,-9.64
172812,-0.06,-0.17,-1.89,-9.66
172847,-0.06,-0.17,-1.88,-9.72
172880,0.00,-0.19,-1.87,-9.65
172910,0.00,-0.16,-1.88,-9.63
172944,0.06,-0.16,-1.88,-9.75
172977,0.00,-0.17,-1.87,-9.62
173008,0.00,-0.17,-1.86,-9.65
173041,0.06,-0.17,-1.88,-9.61
173073,0.00,-0.16,-1.86,-9.60
173105,-0.06,-0.16,-1.90,-9.72
173138,0.00,-0.15,-1.86,-9.63
173171,0.00,-0.16,-1.85,-9.61
173203,0.00,-0.15,-1.88,-9.67
173235,0.00,-0.15,-1.87,-9.65
173265,0.00,-0.17,-1.89,-9.60
173300,-0.06,-0.17,-1.87,-9.75
173333,0.06,-0.17,-1.88,-9.61
173363,0.00,-0.18,-1.87,-9.61
173398,-0.06,-0.17,-1.89,-9.75
173431,-0.12,-0.22,-1.89,-9.56
173461,0.00,-0.14,-1.90,-9.64
173496,-0.06,-0.18,-1.89,-9.79
173530,0.12,-0.16,-1.88,-9.60
173560,-0.12,-0.18,-1.88,-9.72
173595,0.06,-0.17,-1.89,-9.73
173627,0.00,-0.17,-1.86,-9.61
173659,0.00,-0.14,-1.85,-9.67
173692,-0.12,-0.17,-1.88,-9.65
173725,-0.06,-0.21,-1.85,-9.61
173758,-0.12,-0.19,-1.86,-9.68
173792,-0.12,-0.16,-1.87,-9.67
173825,-0.06,-0.17,-1.87,-9.61
173858,0.00,-0.16,-1.91,-9.72
173891,0.06,-0.14,-1.85,-9.61
173923,0.00,-0.16,-1.88,-9.65
173955,0.00,-0.19,-1.87,-9.70
173987,0.06,-0.19,-1.88,-9.61
174018,-0.19,-0.15,-1.87,-9.64
