142127,151.75,-0.23,-1.87,-9.58
142162,151.75,-0.07,-1.84,-9.71
142197,152.38,-0.08,-1.90,-9.60
142230,152.94,0.02,-1.80,-9.77
142265,152.88,-0.16,-1.85,-9.71
142300,153.19,-0.14,-1.91,-9.60
142332,153.50,-0.13,-1.94,-9.61
142368,153.50,-0.14,-1.81,-9.66
142402,153.81,-0.14,-1.92,-9.66
142436,154.13,-0.33,-1.91,-9.56
142472,154.13,-0.19,-1.89,-9.69
142504,154.44,-0.05,-1.92,-9.72
142537,154.81,0.00,-1.86,-9.59
142572,154.88,-0.10,-1.93,-9.70
142607,154.88,-0.14,-1.90,-9.70
142642,154.88,-0.13,-1.87,-9.60
142674,154.88,-0.11,-1.82,-9.62
142710,155.19,-0.17,-1.90,-9.71
142744,155.31,-0.19,-1.91,-9.58
142777,155.31,-0.15,-1.90,-9.60
142813,155.81,-0.13,-1.89,-9.74
142846,155.81,-0.12,-1.90,-9.60
142880,156.06,-0.12,-1.87,-9.61
142916,156.06,-0.10,-1.84,-9.64
142951,156.25,-0.08,-1.72,-9.67
142983,156.44,-0.14,-1.62,-9.61
143020,156.44,-0.05,-1.40,-9.66
143053,156.19,0.00,-1.31,-9.58
143084,156.25,-0.11,-1.16,-9.60
143121,156.06,-0.06,-1.19,-9.66
143155,155.88,-0.12,-1.26,-9.59
143187,156.06,-0.33,-1.35,-9.49
143223,156.00,-0.11,-1.15,-9.63
143258,155.94,-0.11,-1.06,-9.62
143291,156.31,-0.42,-1.58,-9.29
143326,156.50,-0.69,-1.27,-9.39
143362,157.00,-0.65,-0.62,-10.12
143394,157.56,-0.16,-1.08,-9.78
143428,158.13,-0.58,-1.50,-9.52
143465,158.63,-0.56,-1.42,-9.06
143498,159.69,-0.47,-1.25,-9.56
143532,160.63,-0.15,-1.11,-8.92
143568,161.81,0.15,-1.66,-9.08
143601,162.38,-0.16,-1.29,-8.67
143634,163.00,-0.35,-1.53,-10.41
143672,164.19,-0.29,-1.79,-8.28
143706,164.69,-0.40,-1.94,-9.30
143737,165.50,0.09,-1.82,-8.79
143774,166.50,0.44,-1.28,-9.31
143806,167.31,-0.48,-2.00,-10.00
143840,168.50,-0.77,-2.27,-8.92
143876,169.44,-0.56,-1.93,-9.56
143910,170.75,-0.62,-1.58,-9.58
143943,171.75,-0.21,-1.76,-8.47
143977,172.94,-1.02,-1.94,-7.91
144014,174.75,-0.83,-1.93,-9.95
144046,176.06,-0.80,-2.05,-9.45
144079,177.50,-0.86,-2.45,-9.45
144116,179.19,-0.61,-1.70,-9.41
144151,181.44,-0.47,-1.57,-7.62
144183,183.25,-0.85,-1.64,-12.10
144221,185.75,-0.67,-1.92,-9.02
144254,187.63,-0.81,-1.79,-10.72
144287,189.56,-1.52,-2.36,-9.24
144325,192.31,-0.65,-2.53,-8.92
144359,194.56,-0.90,-2.50,-7.39
144391,197.75,-1.16,-2.05,-11.00
144427,200.31,-0.62,-2.12,-11.53
144464,203.69,-0.98,-2.40,-10.34
144498,206.25,0.00,-1.68,-9.47
144530,209.69,-1.37,-2.22,-8.94
144567,212.25,-0.23,-1.41,-9.34
144601,214.75,-1.13,-2.46,-11.48
144634,216.31,-0.21,-2.02,-8.74
144670,219.63,-1.12,-2.46,-8.72
144705,220.94,-0.56,-2.02,-9.94
144737,223.63,-0.14,-2.34,-9.23
144775,227.06,-1.14,-2.39,-10.03
144808,229.69,-1.10,-2.09,-9.48
144841,233.19,-1.07,-1.86,-9.68
144877,235.88,-1.57,-1.99,-9.21
144912,239.56,-0.88,-1.72,-9.50
144945,242.25,-1.66,-2.31,-9.09
144978,245.06,-1.12,-1.98,-10.04
145016,248.81,-1.54,-2.48,-8.30
145050,251.75,-1.48,-2.38,-9.47
145083,255.81,-0.78,-2.19,-10.95
145120,258.81,-1.07,-2.45,-9.02
145155,262.81,-0.26,-2.35,-10.71
145187,265.69,-0.89,-2.76,-10.15
145226,269.63,-0.41,-2.33,-10.74
145260,272.38,-0.95,-2.61,-9.85
145293,275.94,-0.91,-2.04,-9.31
145328,278.56,-0.37,-2.54,-10.09
145364,282.06,-1.22,-2.22,-10.46
145398,284.69,-0.49,-2.17,-9.82
145432,288.13,-0.68,-2.03,-10.50
145469,290.69,-0.90,-2.59,-8.60
145504,293.94,-0.68,-2.17,-10.42
145537,296.38,-1.02,-2.12,-10.68
145575,299.63,-0.45,-2.44,-10.20
145609,302.00,-0.71,-2.41,-9.63
145642,305.06,-0.46,-2.60,-8.55
145678,307.19,-0.81,-2.66,-10.20
145714,309.75,-0.31,-2.61,-10.29
145747,311.63,-0.52,-2.69,-8.97
145781,313.38,-0.05,-2.77,-8.44
145818,315.38,-0.55,-2.47,-10.25
145853,317.13,-0.26,-2.48,-9.66
145886,318.31,-0.05,-2.44,-9.64
145921,319.44,-0.26,-2.23,-9.71
145956,320.75,-0.36,-2.14,-10.12
145989,321.81,-0.09,-1.78,-10.36
146027,323.00,0.00,-2.49,-8.62
146060,323.75,-0.09,-1.97,-9.52
146093,324.81,-0.63,-2.38,-10.12
146129,325.88,-0.16,-2.07,-10.16
146165,326.94,-0.32,-2.11,-9.96
146197,327.81,-0.26,-1.80,-9.24
146232,328.44,-0.35,-1.74,-9.54
146268,329.06,-0.21,-2.05,-9.82
146301,329.38,-0.24,-2.22,-9.88
146334,329.75,-0.22,-2.15,-9.42
146371,330.00,-0.63,-1.98,-9.67
146405,330.75,-0.06,-1.79,-9.66
146438,331.06,-0.61,-2.14,-9.44
146475,331.69,-0.56,-2.10,-9.48
146508,332.50,-0.36,-1.76,-9.51
146540,333.13,-0.17,-2.29,-10.43
146578,333.69,-0.43,-2.31,-9.92
146612,334.19,-0.35,-2.60,-9.66
146644,334.44,-0.24,-2.46,-9.82
146680,334.69,-0.27,-2.64,-9.55
146716,334.81,-0.41,-2.33,-9.69
146748,335.00,-0.41,-1.94,-9.61
146782,335.25,-0.25,-2.51,-9.52
146819,335.19,-0.21,-3.12,-9.70
146851,335.13,-0.22,-2.44,-9.62
146885,335.25,-0.22,-2.09,-9.60
146921,335.25,-0.32,-2.19,-9.69
146956,335.25,-0.39,-2.01,-9.63
146989,335.25,-0.37,-1.91,-9.63
147023,335.25,-0.33,-1.93,-9.64
147059,335.38,-0.32,-2.00,-9.63
147092,335.06,-0.29,-2.02,-9.64
147128,335.13,-0.34,-2.00,-9.67
147162,334.88,-0.31,-1.96,-9.58
147193,334.63,-0.10,-2.19,-9.64
147230,334.44,0.00,-1.98,-9.71
147263,333.88,-0.52,-2.00,-9.65
147296,333.19,-0.61,-2.08,-9.59
147332,333.06,-0.56,-1.97,-9.60
147366,333.06,-0.35,-1.87,-9.71
147400,332.75,-0.30,-1.96,-9.59
