43705,-0.25,-0.28,-2.05,-9.67
43736,0.44,-0.31,-2.07,-9.60
43768,1.06,-0.27,-2.07,-9.71
43801,1.00,-0.18,-2.05,-9.62
43831,0.12,-0.17,-2.04,-9.67
43863,-0.06,-0.27,-2.01,-9.63
43894,0.31,-0.27,-2.12,-9.62
43926,0.69,-0.28,-2.04,-9.63
43957,1.06,-0.32,-2.07,-9.62
43985,1.50,-0.22,-2.03,-9.60
44020,1.50,-0.28,-2.07,-9.80
44048,1.19,-0.24,-2.03,-9.53
44081,0.63,-0.06,-2.07,-9.73
44114,-1.12,-0.27,-2.08,-9.51
44145,-0.81,-0.39,-2.04,-9.55
44177,0.63,-0.37,-2.08,-9.68
44209,1.94,-0.22,-2.06,-9.62
44237,2.13,-0.28,-2.05,-9.63
44272,3.69,-0.35,-2.06,-9.69
44300,4.00,-0.25,-2.05,-9.62
44332,3.44,-0.16,-2.05,-9.68
44365,2.25,-0.11,-2.04,-9.71
44396,0.88,-0.10,-2.03,-9.62
44427,-0.37,-0.15,-2.05,-9.69
44461,-1.56,-0.14,-2.03,-9.64
44489,-2.31,-0.19,-2.07,-9.62
44525,-2.38,-0.24,-2.04,-9.72
44556,-1.94,-0.28,-2.07,-9.66
44585,-1.25,-0.36,-2.10,-9.66
44621,1.00,-0.36,-2.03,-9.68
44649,2.06,-0.32,-2.05,-9.58
44682,2.06,-0.17,-2.06,-9.69
44715,1.88,-0.21,-2.06,-9.67
44742,2.00,-0.28,-2.06,-9.58
44776,2.56,-0.27,-2.07,-9.71
44807,2.94,-0.21,-2.05,-9.56
44836,3.50,-0.32,-2.09,-9.65
44870,4.94,-0.35,-2.05,-9.67
44899,6.44,-0.30,-2.08,-9.64
44932,7.19,-0.25,-2.08,-9.63
44964,7.06,-0.22,-2.08,-9.65
44992,5.94,-0.20,-2.11,-9.61
45026,4.06,-0.07,-2.04,-9.73
45057,2.06,-0.01,-2.01,-9.59
45086,-1.12,0.02,-2.03,-9.65
45119,-7.56,0.23,-1.97,-9.71
45149,-11.94,0.28,-1.92,-9.57
45182,-21.69,0.33,-1.97,-9.77
45215,-29.44,0.36,-1.92,-9.72
45245,-37.63,0.41,-1.95,-9.61
45280,-49.19,0.44,-2.01,-9.73
45310,-58.19,0.42,-2.00,-9.57
45341,-66.87,0.43,-2.10,-9.76
45377,-74.50,0.33,-2.12,-9.63
45407,-80.94,0.24,-2.17,-9.58
45438,-86.81,0.23,-2.25,-9.67
45473,-93.37,0.21,-2.25,-9.71
45503,-97.56,0.15,-2.33,-9.63
45535,-101.50,0.13,-2.36,-9.64
45571,-106.19,0.12,-2.40,-9.72
45601,-109.19,0.12,-2.41,-9.60
45635,-112.56,0.16,-2.46,-9.65
45671,-117.00,0.19,-2.46,-9.72
45702,-120.56,0.19,-2.48,-9.61
45734,-124.25,0.22,-2.56,-9.69
45770,-128.75,0.21,-2.57,-9.77
45801,-131.94,0.21,-2.57,-9.58
45835,-134.69,0.16,-2.66,-9.67
45871,-137.63,0.11,-2.68,-9.73
45901,-138.75,0.07,-2.68,-9.58
45935,-139.75,0.03,-2.68,-9.60
45970,-138.94,-0.08,-2.63,-9.62
46002,-137.06,-0.15,-2.72,-9.70
46036,-134.69,-0.18,-2.65,-9.58
46073,-130.81,-0.22,-2.61,-9.69
46106,-127.44,-0.23,-2.55,-9.58
46139,-124.37,-0.22,-2.56,-9.57
46177,-120.12,-0.27,-2.53,-9.74
46210,-117.19,-0.20,-2.44,-9.58
46242,-114.50,-0.10,-2.38,-9.60
46279,-113.69,-0.03,-2.35,-9.60
46314,-112.87,-0.05,-2.38,-9.65
46345,-113.19,0.00,-2.33,-9.55
46381,-113.00,-0.03,-2.35,-9.67
46415,-113.25,0.00,-2.30,-9.63
46446,-113.37,-0.03,-2.36,-9.61
46483,-113.06,-0.04,-2.32,-9.66
46518,-112.62,-0.11,-2.32,-9.73
46550,-111.94,-0.12,-2.32,-9.52
46584,-111.44,-0.08,-2.33,-9.69
46620,-110.81,-0.09,-2.31,-9.73
46652,-111.06,-0.03,-2.28,-9.58
46686,-111.56,-0.03,-2.26,-9.61
46724,-112.25,-0.05,-2.31,-9.76
46756,-112.69,-0.06,-2.27,-9.55
46789,-113.19,-0.06,-2.28,-9.67
46827,-113.69,-0.05,-2.30,-9.71
46861,-114.25,-0.10,-2.31,-9.62
46893,-114.31,-0.10,-2.29,-9.65
46929,-114.06,-0.18,-2.30,-9.63
46964,-112.87,-0.18,-2.29,-9.59
46995,-112.06,-0.22,-2.32,-9.63
47032,-110.56,-0.24,-2.31,-9.67
47067,-109.44,-0.23,-2.31,-9.63
47098,-108.44,-0.25,-2.28,-9.60
47134,-106.87,-0.27,-2.27,-9.66
47169,-105.87,-0.25,-2.26,-9.75
47201,-105.12,-0.26,-2.25,-9.55
47237,-103.69,-0.31,-2.26,-9.63
47272,-102.19,-0.28,-2.24,-9.71
47304,-101.19,-0.32,-2.22,-9.57
47338,-99.94,-0.34,-2.26,-9.64
47375,-98.00,-0.32,-2.24,-9.66
47405,-96.31,-0.37,-2.26,-9.59
47438,-94.69,-0.38,-2.23,-9.64
47474,-92.00,-0.43,-2.24,-9.74
47505,-89.50,-0.44,-2.19,-9.54
47538,-87.25,-0.43,-2.22,-9.65
47574,-84.44,-0.43,-2.20,-9.76
47604,-82.75,-0.39,-2.15,-9.59
47638,-81.44,-0.37,-2.14,-9.62
47674,-79.81,-0.32,-2.15,-9.70
47705,-79.37,-0.33,-2.18,-9.60
47737,-78.69,-0.34,-2.16,-9.65
47773,-77.50,-0.37,-2.15,-9.67
47804,-76.31,-0.36,-2.15,-9.59
47838,-75.56,-0.35,-2.15,-9.62
47874,-74.75,-0.32,-2.16,-9.74
47904,-74.69,-0.25,-2.16,-9.60
47938,-74.94,-0.29,-2.16,-9.62
47973,-75.19,-0.25,-2.14,-9.70
48004,-75.69,-0.27,-2.18,-9.63
48037,-76.19,-0.25,-2.15,-9.60
48073,-76.56,-0.26,-2.15,-9.69
48104,-77.31,-0.25,-2.20,-9.63
48138,-77.75,-0.23,-2.18,-9.63
48173,-78.25,-0.27,-2.20,-9.72
48203,-78.19,-0.30,-2.24,-9.60
48237,-77.87,-0.31,-2.23,-9.64
48273,-77.56,-0.35,-2.23,-9.77
48304,-75.81,-0.38,-2.20,-9.54
48337,-74.25,-0.39,-2.24,-9.65
48372,-73.25,-0.36,-2.22,-9.70
48403,-72.19,-0.34,-2.23,-9.63
48438,-70.94,-0.34,-2.19,-9.65
48473,-70.69,-0.27,-2.20,-9.73
48503,-71.12,-0.22,-2.23,-9.61
48537,-71.37,-0.24,-2.20,-9.64
48572,-71.56,-0.26,-2.18,-9.73
48603,-71.87,-0.25,-2.20,-9.65
48637,-71.94,-0.26,-2.23,-9.62
48671,-71.62,-0.23,-2.21,-9.73
48703,-72.25,-0.15,-2.22,-9.61
48738,-74.00,-0.12,-2.21,-9.68
48772,-74.50,-0.26,-2.19,-9.67
48802,-73.06,-0.34,-2.23,-9.60
48837,-70.87,-0.44,-2.28,-9.67
48872,-68.94,-0.38,-2.24,-9.73
48903,-67.37,-0.33,-2.23,-9.62
48937,-65.87,-0.34,-2.23,-9.63
48971,-64.62,-0.29,-2.22,-9.71
49002,-63.25,-0.37,-2.26,-9.61
49037,-61.25,-0.34,-2.20,-9.68
49072,-59.69,-0.35,-2.23,-9.72
49102,-57.88,-0.46,-2.23,-9.59
49137,-53.25,-0.50,-2.23,-9.63
49171,-50.06,-0.48,-2.21,-9.76
49202,-46.25,-0.59,-2.16,-9.53
49238,-39.25,-0.61,-2.19,-9.68
49271,-33.56,-0.73,-2.25,-9.72
49302,-26.44,-0.75,-2.25,-9.56
49337,-15.75,-0.81,-2.22,-9.63
49372,-7.44,-0.68,-2.17,-9.67
49403,-0.63,-0.61,-2.15,-9.59
49435,6.00,-0.57,-2.12,-9.66
49465,10.31,-0.53,-2.14,-9.64
49497,14.63,-0.57,-2.14,-9.61
49531,18.75,-0.48,-2.09,-9.64
49562,21.19,-0.28,-2.07,-9.65
49593,21.37,-0.01,-2.01,-9.61
49629,17.12,0.07,-2.01,-9.74
49656,12.63,0.09,-1.98,-9.61
49689,7.63,0.14,-1.97,-9.66
49721,2.44,0.13,-1.97,-9.66
49747,-1.75,-0.01,-1.98,-9.60
49782,-3.63,-0.17,-2.05,-9.69
49814,-4.56,-0.17,-2.02,-9.58
49845,-4.88,-0.24,-2.03,-9.65
49880,-4.06,-0.33,-2.05,-9.73
49909,-2.81,-0.33,-2.06,-9.62
49942,-2.13,-0.28,-2.07,-9.62
49976,-1.12,-0.29,-2.04,-9.71
50010,-0.75,-0.21,-2.05,-9.60
50039,-1.37,-0.16,-2.05,-9.69
50073,-1.56,-0.28,-2.05,-9.65
50105,-0.75,-0.32,-2.07,-9.65
50138,0.31,-0.28,-2.05,-9.66
50169,0.81,-0.25,-2.04,-9.60
50197,1.31,-0.30,-2.05,-9.60
50232,1.81,-0.26,-2.05,-9.72
50263,1.69,-0.21,-1.95,-9.70
50291,1.25,-0.19,-1.99,-9.63
50324,0.37,-0.15,-2.05,-9.73
50356,-0.69,-0.19,-2.07,-9.62
50388,-0.56,-0.28,-2.06,-9.66
50421,-0.19,-0.23,-2.06,-9.61
50453,-0.31,-0.15,-1.99,-9.59
50485,-1.12,-0.22,-2.04,-9.61
