154539,0.81,-0.09,-1.91,-9.68
154572,0.69,-0.08,-1.89,-9.71
154604,0.75,-0.01,-1.84,-9.62
154637,0.94,-0.11,-1.96,-9.68
154670,1.19,-0.09,-1.95,-9.62
154700,0.81,-0.07,-1.86,-9.62
154733,-0.06,-0.08,-1.88,-9.64
154767,-0.69,-0.11,-1.90,-9.62
154800,-0.81,-0.07,-1.94,-9.65
154833,-0.56,-0.12,-1.94,-9.67
154866,0.56,-0.22,-2.02,-9.67
154896,1.44,-0.11,-2.02,-9.59
154932,2.19,-0.10,-1.95,-9.76
154962,2.06,-0.08,-1.91,-9.59
154993,1.56,-0.04,-1.86,-9.67
155028,0.06,-0.07,-1.82,-9.71
155061,-0.69,-0.06,-1.86,-9.64
155090,-1.31,-0.08,-1.85,-9.61
155126,-2.00,-0.08,-1.87,-9.76
155158,-2.56,-0.09,-1.86,-9.65
155191,-3.06,-0.08,-1.91,-9.63
155226,-2.88,-0.09,-1.94,-9.75
155257,-3.13,-0.07,-1.90,-9.65
155290,-3.00,-0.10,-1.93,-9.62
155326,-2.88,-0.06,-1.91,-9.76
155357,-3.00,-0.10,-1.88,-9.52
155390,-3.50,-0.03,-1.81,-9.65
155426,-7.63,0.11,-1.40,-9.68
155456,-11.00,0.06,-1.46,-9.39
155490,-19.44,0.22,-1.38,-9.91
155525,-25.12,0.05,-1.53,-9.66
155555,-30.19,0.12,-1.51,-9.70
155590,-37.06,0.06,-1.56,-9.62
155624,-40.81,0.06,-1.71,-9.77
155656,-44.31,0.15,-1.64,-9.66
155691,-50.56,0.13,-1.45,-9.61
155724,-56.31,0.21,-1.54,-9.80
155755,-61.69,0.18,-1.61,-9.59
155790,-67.12,0.16,-1.73,-9.74
155824,-70.19,0.14,-1.71,-9.63
155855,-73.69,0.25,-1.65,-9.71
155890,-78.12,0.19,-1.79,-9.70
155924,-79.81,0.16,-1.86,-9.70
155955,-81.31,0.23,-1.87,-9.63
155990,-83.31,0.21,-1.86,-9.66
156023,-84.75,0.21,-1.90,-9.82
156055,-85.37,0.18,-1.90,-9.59
156090,-86.19,0.18,-1.93,-9.71
156124,-86.62,0.16,-1.98,-9.81
156154,-86.50,0.11,-1.94,-9.52
156190,-86.00,0.13,-2.01,-9.68
156224,-85.44,0.18,-1.99,-9.79
156255,-85.19,0.11,-1.94,-9.53
156290,-85.56,0.17,-1.91,-9.76
156323,-86.06,0.12,-1.94,-9.70
156354,-86.37,0.17,-1.89,-9.66
156390,-87.25,0.17,-1.89,-9.68
156424,-87.94,0.16,-1.89,-9.59
156453,-88.94,0.18,-1.85,-9.61
156490,-90.25,0.15,-1.88,-9.70
156523,-90.81,0.14,-1.92,-9.63
156554,-90.94,0.17,-1.90,-9.66
156590,-91.50,0.13,-1.89,-9.65
156623,-92.00,0.15,-1.90,-9.64
156653,-92.56,0.16,-1.90,-9.67
156689,-93.06,0.13,-1.89,-9.62
156723,-93.81,0.16,-1.89,-9.62
156753,-94.75,0.15,-1.88,-9.59
156789,-95.94,0.19,-1.87,-9.77
156823,-97.00,0.17,-1.88,-9.63
156853,-97.56,0.13,-1.94,-9.62
156890,-97.56,0.14,-1.97,-9.71
156923,-97.25,0.11,-1.99,-9.66
156953,-96.37,0.07,-2.08,-9.60
156989,-94.50,0.05,-2.07,-9.66
157023,-93.12,0.06,-2.09,-9.69
157053,-91.06,0.02,-2.08,-9.60
157089,-88.87,0.02,-2.08,-9.73
157122,-87.12,0.00,-2.05,-9.60
157153,-85.56,-0.02,-2.08,-9.55
157190,-83.12,-0.02,-2.06,-9.70
157224,-81.87,-0.04,-2.04,-9.65
157256,-80.19,-0.04,-2.02,-9.60
157292,-78.50,-0.04,-2.04,-9.71
157327,-77.75,-0.09,-2.04,-9.70
157359,-76.12,-0.06,-1.98,-9.61
157393,-75.56,-0.05,-1.98,-9.68
157429,-75.06,-0.09,-1.97,-9.71
157462,-74.94,-0.05,-1.93,-9.65
157496,-75.19,-0.07,-1.92,-9.61
157533,-75.69,-0.04,-1.91,-9.73
157566,-76.12,-0.02,-1.92,-9.61
157599,-77.37,-0.04,-1.87,-9.65
157636,-78.19,-0.07,-1.88,-9.65
157670,-78.31,-0.04,-2.00,-9.68
157702,-78.31,-0.04,-2.01,-9.63
157739,-78.19,-0.07,-2.01,-9.66
157773,-77.62,-0.06,-2.04,-9.68
157805,-76.87,-0.06,-2.03,-9.60
157842,-76.19,-0.06,-2.01,-9.71
157876,-76.50,-0.06,-1.98,-9.64
157907,-76.81,-0.04,-1.97,-9.67
157943,-77.31,-0.05,-1.98,-9.74
157979,-77.56,-0.04,-2.00,-9.66
158011,-78.37,-0.02,-1.98,-9.65
158045,-79.00,-0.01,-1.98,-9.62
158083,-79.75,-0.02,-1.99,-9.75
158115,-80.19,0.00,-2.00,-9.60
158147,-80.62,-0.01,-2.01,-9.63
158184,-81.12,-0.01,-2.02,-9.74
158218,-81.75,-0.03,-2.00,-9.60
158251,-81.69,0.00,-2.07,-9.63
158286,-81.56,0.00,-2.06,-9.67
158318,-81.81,-0.04,-2.06,-9.66
158351,-81.81,0.00,-2.06,-9.69
158387,-82.12,0.00,-2.06,-9.62
158419,-82.56,0.01,-2.07,-9.61
158451,-82.75,0.00,-2.07,-9.65
158487,-82.94,0.02,-2.11,-9.66
158519,-82.87,0.02,-2.09,-9.64
158551,-82.50,0.01,-2.09,-9.65
158586,-82.12,0.01,-2.12,-9.71
158619,-81.69,0.00,-2.15,-9.67
158651,-81.25,0.00,-2.11,-9.59
158687,-80.50,0.00,-2.16,-9.69
158718,-79.75,0.01,-2.16,-9.60
158750,-78.81,-0.01,-2.16,-9.61
158787,-78.12,0.00,-2.12,-9.73
158820,-77.75,0.00,-2.12,-9.60
158852,-77.37,0.00,-2.11,-9.66
158887,-77.25,-0.01,-2.10,-9.67
158920,-76.81,0.02,-2.12,-9.67
158952,-76.44,0.01,-2.12,-9.65
158988,-76.31,0.00,-2.14,-9.64
159021,-75.62,0.01,-2.14,-9.68
159052,-75.06,0.02,-2.16,-9.69
159088,-74.56,0.00,-2.15,-9.67
159120,-73.81,0.00,-2.14,-9.61
159152,-72.81,0.00,-2.14,-9.64
159187,-72.06,0.00,-2.14,-9.67
159219,-71.12,0.00,-2.15,-9.61
159252,-70.19,0.02,-2.12,-9.66
159288,-69.50,0.01,-2.12,-9.70
159320,-68.87,0.00,-2.13,-9.65
159351,-68.19,0.00,-2.12,-9.64
159388,-67.62,0.03,-2.11,-9.70
159420,-67.12,0.02,-2.09,-9.57
159452,-66.87,0.01,-2.12,-9.67
159488,-66.12,0.00,-2.10,-9.71
159519,-65.69,0.02,-2.12,-9.66
159551,-64.75,-0.01,-2.10,-9.61
159588,-64.06,0.00,-2.12,-9.70
159621,-63.31,0.00,-2.14,-9.67
159651,-61.56,0.00,-2.14,-9.63
159688,-60.13,-0.03,-2.16,-9.66
159721,-58.25,-0.02,-2.15,-9.64
159754,-56.81,-0.05,-2.13,-9.60
159791,-55.31,-0.06,-2.16,-9.67
159825,-53.50,-0.01,-2.11,-9.62
159857,-52.69,-0.03,-2.05,-9.60
159894,-51.81,0.00,-2.05,-9.70
159928,-51.44,-0.01,-2.08,-9.64
159959,-50.38,-0.05,-2.12,-9.60
159995,-48.56,-0.06,-2.10,-9.68
160029,-47.31,-0.05,-2.10,-9.75
160062,-45.81,-0.05,-2.09,-9.62
160097,-44.56,-0.04,-2.07,-9.67
160133,-43.38,-0.04,-2.03,-9.73
160164,-42.56,-0.04,-2.06,-9.60
160199,-41.38,-0.03,-2.04,-9.64
160236,-40.69,-0.04,-2.02,-9.77
160270,-40.25,-0.01,-2.00,-9.60
160302,-40.00,-0.03,-1.99,-9.63
160339,-39.81,0.00,-1.99,-9.74
160371,-39.56,-0.02,-1.99,-9.59
160404,-39.31,-0.03,-2.02,-9.64
160441,-39.19,-0.03,-1.95,-9.67
160476,-38.75,-0.05,-1.99,-9.67
160506,-38.25,-0.05,-2.01,-9.60
160544,-37.81,-0.05,-2.00,-9.67
160578,-37.31,-0.04,-2.00,-9.60
160610,-36.44,-0.10,-2.10,-9.61
160646,-34.06,-0.11,-2.14,-9.68
160680,-30.94,-0.18,-2.20,-9.74
160713,-25.81,-0.22,-2.30,-9.61
160747,-20.69,-0.21,-2.45,-9.71
160784,-12.25,-0.30,-2.43,-9.69
160816,-6.44,-0.27,-2.32,-9.60
160849,-2.44,-0.19,-2.15,-9.64
160885,1.19,-0.16,-2.06,-9.67
160915,2.69,-0.13,-2.00,-9.66
160948,3.38,-0.10,-1.90,-9.61
160982,3.38,-0.05,-1.89,-9.73
161011,2.69,-0.05,-1.84,-9.59
161046,1.19,-0.04,-1.85,-9.69
161079,0.12,-0.04,-1.84,-9.64
161110,-1.25,-0.07,-1.84,-9.61
161143,-1.75,-0.13,-1.97,-9.69
161177,-0.63,-0.12,-2.01,-9.64
161210,0.12,-0.08,-1.97,-9.66
161243,0.75,-0.13,-1.95,-9.63
161275,1.56,-0.09,-2.00,-9.60
161304,2.25,-0.10,-1.96,-9.63
161339,2.00,-0.07,-1.88,-9.76
161371,1.31,-0.09,-1.91,-9.60
161401,1.25,-0.06,-1.90,-9.66
161436,0.75,-0.05,-1.87,-9.74
161469,0.12,-0.08,-1.90,-9.59
161499,0.19,-0.11,-1.96,-9.60
161532,0.37,-0.08,-1.91,-9.70
161565,0.56,-0.14,-1.96,-9.60
161597,1.56,-0.13,-2.00,-9.69
161631,2.13,-0.06,-1.91,-9.62
161659,1.69,-0.11,-1.90,-9.63
