62661,0.25,-0.13,-1.90,-9.59
62693,0.12,-0.09,-1.83,-9.59
62725,0.12,-0.12,-1.85,-9.60
62755,0.06,-0.11,-1.87,-9.68
62786,-0.19,-0.10,-1.81,-9.55
62817,-0.44,-0.12,-1.86,-9.55
62851,-0.37,-0.10,-1.90,-9.64
62883,0.00,-0.13,-1.87,-9.51
62913,0.31,-0.10,-1.86,-9.66
62946,0.50,-0.15,-1.88,-9.54
62977,0.81,-0.15,-1.93,-9.44
63008,0.94,-0.13,-1.88,-9.59
63039,1.00,-0.07,-1.83,-9.54
63068,0.37,-0.08,-1.82,-9.60
63101,-0.25,-0.09,-1.84,-9.63
63134,-0.25,-0.10,-1.86,-9.53
63164,0.00,-0.09,-2.00,-9.74
63198,-0.25,-0.10,-1.84,-9.68
63228,-1.00,-0.09,-1.81,-9.51
63261,-1.37,-0.09,-1.88,-9.59
63294,-1.25,-0.11,-1.84,-9.55
63326,-0.50,0.00,-1.83,-9.56
63357,-1.06,-0.16,-1.88,-9.48
63389,-0.94,-0.05,-1.90,-9.55
63420,-0.25,-0.15,-1.89,-9.54
63455,1.12,-0.15,-1.99,-9.67
63482,2.88,-0.15,-2.03,-9.56
63515,3.56,-0.04,-1.90,-9.64
63548,4.00,-0.12,-1.95,-9.64
63576,4.69,-0.10,-1.97,-9.55
63609,5.56,0.02,-1.94,-9.86
63639,4.38,0.03,-1.77,-9.55
63668,2.31,-0.02,-1.62,-9.51
63702,-2.31,0.04,-1.52,-9.74
63730,-5.81,0.10,-1.35,-9.55
63764,-14.94,0.11,-1.31,-9.68
63797,-20.81,0.03,-1.41,-9.41
63825,-26.56,0.11,-1.40,-9.64
63860,-33.56,0.13,-1.33,-9.56
63891,-43.56,0.18,-1.25,-9.54
63923,-51.19,0.22,-1.37,-9.68
63958,-56.88,0.15,-1.51,-9.60
63988,-61.44,0.15,-1.58,-9.58
64019,-65.25,0.14,-1.65,-9.57
64054,-69.25,0.17,-1.72,-9.70
64083,-71.75,0.14,-1.74,-9.52
64116,-74.19,0.21,-1.72,-9.60
64150,-76.56,0.15,-1.75,-9.67
64180,-78.56,0.17,-1.77,-9.49
64215,-81.44,0.25,-1.77,-9.68
64247,-83.56,0.20,-1.77,-9.49
64277,-85.56,0.22,-1.80,-9.60
64312,-87.37,0.25,-1.78,-9.66
64343,-89.62,0.25,-1.78,-9.56
64373,-91.69,0.25,-1.77,-9.61
64408,-93.62,0.25,-1.80,-9.61
64439,-95.06,0.29,-1.80,-9.66
64471,-96.75,0.28,-1.76,-9.55
64505,-99.94,0.26,-1.75,-9.60
64535,-101.75,0.35,-1.78,-9.58
64568,-104.06,0.36,-1.75,-9.57
64604,-107.31,0.34,-1.77,-9.68
64634,-109.31,0.40,-1.79,-9.61
64668,-110.75,0.39,-1.81,-9.59
64704,-113.06,0.36,-1.82,-9.63
64735,-114.44,0.35,-1.88,-9.56
64768,-115.19,0.39,-1.91,-9.59
64803,-115.50,0.33,-1.96,-9.65
64834,-115.19,0.31,-1.99,-9.52
64868,-114.56,0.31,-2.01,-9.61
64904,-113.37,0.27,-2.05,-9.65
64934,-112.06,0.25,-2.05,-9.51
64968,-110.62,0.23,-2.06,-9.58
65003,-109.31,0.21,-2.06,-9.68
65034,-107.06,0.16,-2.05,-9.55
65068,-105.69,0.16,-2.07,-9.62
65102,-104.06,0.15,-2.01,-9.68
65134,-102.37,0.11,-2.06,-9.56
65168,-100.69,0.08,-2.04,-9.61
65203,-99.19,0.09,-2.04,-9.67
65232,-98.00,0.07,-2.01,-9.51
65267,-96.06,0.05,-2.01,-9.63
65300,-94.75,0.02,-2.03,-9.57
65330,-93.25,0.03,-2.00,-9.52
65363,-91.56,0.03,-2.00,-9.63
65394,-90.50,0.03,-2.01,-9.57
65426,-89.44,0.01,-1.98,-9.55
65461,-89.31,0.10,-1.88,-9.70
65491,-90.31,0.06,-1.80,-9.48
65522,-91.69,0.07,-1.81,-9.53
65558,-94.19,0.13,-1.80,-9.70
65588,-96.25,0.11,-1.79,-9.52
65619,-98.19,0.14,-1.82,-9.57
65654,-100.00,0.17,-1.86,-9.67
65685,-102.44,0.16,-1.86,-9.51
65719,-103.94,0.15,-1.89,-9.58
65754,-105.25,0.18,-1.95,-9.66
65785,-106.50,0.16,-1.94,-9.55
65819,-107.25,0.16,-1.99,-9.60
65854,-107.44,0.16,-2.03,-9.74
65885,-107.87,0.17,-2.04,-9.47
65920,-108.12,0.18,-2.03,-9.61
65953,-108.75,0.15,-2.03,-9.63
65985,-109.12,0.14,-2.01,-9.48
66019,-109.44,0.18,-2.04,-9.68
66054,-109.44,0.18,-2.04,-9.65
66084,-109.81,0.15,-2.08,-9.47
66119,-109.75,0.19,-2.08,-9.68
66153,-109.94,0.21,-2.06,-9.63
66184,-110.12,0.20,-2.10,-9.56
66219,-110.37,0.21,-2.10,-9.66
66253,-110.37,0.16,-2.13,-9.61
66284,-110.12,0.18,-2.15,-9.55
66319,-109.69,0.20,-2.15,-9.69
66353,-109.12,0.20,-2.22,-9.75
66384,-107.94,0.13,-2.24,-9.50
66419,-105.19,0.08,-2.28,-9.57
66453,-103.12,0.11,-2.26,-9.67
66484,-101.19,0.10,-2.25,-9.53
66519,-98.44,0.08,-2.29,-9.62
66552,-96.50,0.06,-2.22,-9.62
66581,-94.50,0.05,-2.28,-9.52
66616,-91.19,0.00,-2.28,-9.64
66648,-88.44,0.00,-2.31,-9.56
66678,-84.69,-0.08,-2.35,-9.48
66714,-80.81,-0.05,-2.36,-9.63
66747,-75.75,-0.05,-2.34,-9.64
66778,-72.12,-0.13,-2.33,-9.45
66813,-68.81,-0.06,-2.26,-9.63
66846,-65.44,-0.07,-2.25,-9.60
66878,-63.25,-0.07,-2.16,-9.56
66914,-61.69,-0.07,-2.14,-9.60
66947,-59.75,-0.10,-2.15,-9.48
66977,-57.94,-0.06,-2.13,-9.62
67014,-56.63,-0.10,-2.13,-9.58
67046,-55.06,-0.10,-2.13,-9.55
67078,-53.81,-0.09,-2.07,-9.55
67113,-52.81,-0.07,-2.05,-9.55
67145,-52.44,-0.02,-2.01,-9.61
67177,-52.25,-0.05,-2.04,-9.53
67214,-51.94,-0.03,-2.01,-9.57
67246,-51.56,-0.02,-2.05,-9.58
67277,-50.81,-0.06,-2.05,-9.56
67313,-50.19,-0.06,-2.04,-9.65
67345,-49.25,-0.08,-2.04,-9.57
67377,-48.75,-0.03,-2.03,-9.60
67414,-48.50,-0.04,-1.98,-9.62
67445,-48.25,-0.02,-1.98,-9.56
67477,-48.50,-0.02,-1.99,-9.57
67513,-48.38,-0.02,-1.98,-9.63
67546,-49.13,0.00,-1.93,-9.63
67575,-49.69,-0.01,-1.97,-9.60
67612,-49.25,-0.08,-1.99,-9.59
67644,-49.81,0.01,-1.91,-9.56
67675,-50.25,-0.04,-1.99,-9.56
67710,-49.19,-0.09,-2.06,-9.60
67742,-48.25,-0.03,-2.03,-9.58
67774,-47.25,-0.07,-2.06,-9.53
67811,-45.19,-0.08,-2.10,-9.65
67841,-43.75,-0.08,-2.10,-9.58
67874,-42.44,-0.08,-1.99,-9.56
67910,-41.19,-0.06,-1.99,-9.67
67941,-40.75,-0.05,-1.99,-9.52
67974,-40.19,-0.07,-1.98,-9.56
68009,-39.56,-0.05,-1.96,-9.68
68040,-39.00,-0.06,-1.96,-9.51
68074,-38.50,-0.06,-1.97,-9.58
68110,-38.00,-0.07,-1.96,-9.64
68141,-37.75,-0.05,-1.93,-9.54
68173,-37.38,-0.08,-1.96,-9.55
68209,-36.88,-0.07,-1.99,-9.65
68240,-36.44,-0.06,-1.94,-9.56
68274,-36.19,-0.05,-1.95,-9.56
68310,-35.38,-0.09,-1.98,-9.67
68340,-34.25,-0.06,-1.99,-9.54
68374,-33.25,-0.09,-2.00,-9.56
68409,-31.81,-0.10,-1.99,-9.67
68440,-30.50,-0.08,-2.03,-9.52
68473,-29.12,-0.10,-2.00,-9.59
68509,-28.00,-0.10,-1.95,-9.61
68540,-27.50,-0.07,-1.94,-9.54
68574,-26.87,-0.08,-1.96,-9.57
68609,-25.69,-0.14,-2.01,-9.64
68639,-23.50,-0.10,-2.02,-9.56
68674,-21.75,-0.16,-2.10,-9.56
68709,-19.19,-0.16,-2.07,-9.63
68740,-16.75,-0.12,-2.08,-9.56
68773,-13.44,-0.17,-2.09,-9.56
68808,-10.94,-0.16,-2.11,-9.68
68839,-8.19,-0.16,-2.12,-9.58
68873,-4.06,-0.16,-2.11,-9.58
68907,-1.37,-0.19,-2.06,-9.64
68938,0.50,-0.11,-1.98,-9.55
68970,1.50,-0.11,-1.94,-9.57
69001,2.44,-0.09,-1.95,-9.57
69029,3.63,-0.11,-1.99,-9.56
69063,4.50,-0.12,-1.94,-9.67
69092,5.13,-0.11,-1.95,-9.56
69124,5.56,-0.09,-1.88,-9.61
69157,5.19,-0.05,-1.86,-9.68
69185,4.94,-0.09,-1.88,-9.55
69220,4.63,-0.08,-1.88,-9.60
69250,4.63,-0.10,-1.91,-9.54
69279,4.69,-0.09,-1.86,-9.57
69313,4.13,-0.06,-1.86,-9.65
69342,3.19,-0.04,-1.83,-9.55
69374,2.63,-0.07,-1.83,-9.56
69407,2.00,-0.10,-1.80,-9.65
69438,1.19,-0.08,-1.82,-9.55
69469,0.37,-0.06,-1.81,-9.61
69499,-0.75,-0.06,-1.82,-9.51
69530,-1.37,-0.06,-1.86,-9.57
69565,-1.88,-0.08,-1.86,-9.67
69595,-2.31,-0.08,-1.84,-9.56
69626,-2.63,-0.09,-1.87,-9.54
69661,-3.25,-0.07,-1.89,-9.67
69691,-3.31,-0.09,-1.87,-9.56
69725,-2.88,-0.12,-1.92,-9.62
69758,-2.25,-0.10,-1.95,-9.66
69788,-1.63,-0.11,-1.92,-9.54
69823,-0.63,-0.11,-1.92,-9.64
69856,-0.12,-0.06,-1.93,-9.59
69888,0.19,-0.10,-1.88,-9.56
69918,0.00,-0.08,-1.87,-9.61
69949,-0.25,-0.09,-1.86,-9.56
69981,-0.81,-0.08,-1.81,-9.57
70014,-2.06,-0.09,-1.82,-9.67
70044,-2.63,-0.10,-1.87,-9.53
70076,-2.25,-0.09,-1.94,-9.64
70111,-1.50,-0.12,-1.95,-9.67
70144,-0.69,-0.10,-1.91,-9.54
70174,-0.44,-0.11,-1.91,-9.64
70208,0.06,-0.14,-1.90,-9.53
70239,0.88,-0.13,-1.98,-9.56
70269,1.88,-0.14,-1.97,-9.62
70300,2.00,-0.10,-1.86,-9.55
70330,1.75,-0.09,-1.89,-9.55
70364,1.94,-0.10,-1.88,-9.62
70392,1.75,-0.10,-1.84,-9.54
70425,1.19,-0.08,-1.84,-9.62
70457,1.06,-0.12,-1.88,-9.53
70489,1.19,-0.09,-1.91,-9.54
