88822,160.56,-0.22,-1.94,-9.72
88856,160.50,-0.09,-1.96,-9.64
88889,160.50,-0.11,-2.04,-9.47
88923,160.50,0.00,-1.82,-9.77
88954,160.50,-0.15,-1.95,-9.60
88987,160.50,-0.14,-2.04,-9.69
89022,160.50,-0.15,-1.78,-9.68
89055,160.56,0.00,-1.97,-9.78
89085,160.56,0.10,-1.76,-9.66
89119,160.44,-0.11,-1.57,-9.65
89152,160.38,0.01,-1.25,-9.64
89184,160.19,0.15,-0.87,-9.63
89218,159.88,0.00,-0.89,-9.66
89247,159.56,-0.05,-1.00,-9.54
89282,159.19,-0.17,-1.49,-9.62
89316,158.81,-0.27,-1.76,-9.81
89348,158.69,-0.25,-1.77,-9.57
89382,158.50,-0.19,-1.66,-9.68
89415,158.44,-0.25,-1.82,-9.29
89447,158.50,-0.54,-1.04,-9.52
89483,158.56,0.25,-1.71,-9.01
89515,158.75,-0.47,-1.14,-9.68
89546,158.94,-0.35,-1.88,-9.46
89582,159.38,-0.65,-1.52,-9.53
89615,160.06,-0.58,-1.83,-9.39
89646,160.81,-0.11,-0.95,-9.91
89681,161.94,-0.38,-1.39,-9.40
89714,162.75,-0.70,-1.73,-9.40
89746,163.69,-0.17,-1.45,-9.41
89782,165.13,-0.46,-1.26,-9.84
89815,166.13,-0.47,-1.54,-8.02
89845,167.13,0.14,-1.83,-10.73
89882,168.63,-0.61,-1.64,-9.55
89914,169.19,-0.45,-1.99,-8.90
89946,170.19,-0.85,-1.83,-9.90
89981,171.81,-0.56,-1.99,-9.65
90014,172.69,-0.30,-1.69,-10.54
90046,173.50,-0.69,-1.59,-9.11
90082,175.19,-1.34,-2.09,-8.72
90115,176.00,-0.40,-1.93,-9.28
90146,176.50,-0.54,-2.28,-9.79
90182,178.38,-0.80,-2.09,-9.40
90215,179.88,-0.32,-1.44,-10.10
90247,181.25,-0.80,-2.15,-7.92
90284,183.19,0.07,-2.48,-9.15
90314,184.56,-0.42,-2.09,-8.83
90346,186.00,-0.49,-2.03,-9.60
90382,187.81,-0.27,-1.62,-9.59
90415,189.13,-0.34,-2.27,-8.67
90445,190.56,-0.58,-2.42,-9.70
90481,192.44,-0.49,-2.20,-9.73
90514,193.81,-0.60,-1.86,-9.06
90546,195.19,-0.72,-1.84,-10.13
90583,197.13,-0.54,-2.17,-9.37
90615,198.56,-0.51,-2.07,-10.03
90647,198.88,-0.25,-2.39,-9.07
90684,200.88,-0.73,-2.13,-10.33
90717,202.38,-0.55,-2.09,-10.04
90749,204.38,-1.24,-2.14,-9.72
90784,205.88,-0.53,-2.07,-9.53
90818,206.25,-0.24,-2.29,-10.13
90850,206.94,-0.10,-2.43,-9.87
90886,208.38,0.39,-2.55,-10.23
90918,208.56,-0.70,-2.44,-8.17
90950,210.44,1.43,-2.28,-11.37
90985,211.75,0.20,-2.16,-10.04
91019,213.06,0.52,-2.09,-8.95
91048,214.38,-0.43,-2.12,-10.21
91085,216.06,-0.61,-1.99,-9.93
91118,217.38,-0.26,-2.00,-9.45
91150,218.56,-0.43,-2.05,-9.16
91186,220.13,-0.20,-2.41,-10.06
91219,221.31,0.00,-2.13,-9.92
91249,222.38,-0.22,-2.34,-8.91
91285,223.75,-0.67,-2.52,-10.33
91319,224.81,-0.10,-2.21,-8.94
91351,224.56,-0.36,-2.10,-9.68
91385,225.38,-0.28,-2.14,-9.38
91418,226.25,-0.17,-1.97,-9.20
91450,227.06,-0.01,-2.03,-9.60
91486,228.25,-0.38,-2.14,-9.94
91518,229.13,0.37,-2.25,-10.42
91550,229.94,0.01,-2.21,-9.82
91585,230.94,-0.20,-2.12,-9.71
91618,231.69,0.26,-2.41,-9.02
91648,232.38,0.10,-2.43,-9.42
91682,233.19,-0.16,-2.36,-9.64
91716,233.75,-0.20,-3.05,-9.60
91747,234.31,0.21,-2.87,-9.73
91781,234.75,0.18,-2.82,-9.53
91813,234.88,0.23,-3.09,-9.64
91843,234.81,0.28,-1.69,-9.57
91878,234.63,-0.23,-1.78,-9.83
91911,232.94,-0.50,-2.23,-9.70
91942,231.75,-0.33,-2.01,-9.57
91978,231.75,-0.15,-1.77,-9.69
92010,231.81,-0.22,-1.95,-9.65
92042,231.88,-0.19,-1.99,-9.66
92078,231.88,-0.10,-1.80,-9.69
92108,231.88,-0.06,-2.08,-9.58
92142,231.81,-0.22,-1.93,-9.63
92177,231.81,-0.15,-1.89,-9.76
92210,231.75,-0.17,-1.90,-9.60
92242,231.75,-0.29,-2.07,-9.67
