52446,-0.25,-1.93,-9.75
52471,-0.23,-1.96,-9.63
52498,-0.25,-1.92,-9.70
52524,-0.24,-1.96,-9.69
52549,-0.16,-1.94,-9.71
52576,-0.27,-1.96,-9.59
52600,-0.29,-1.92,-9.73
52628,-0.27,-1.90,-9.59
52652,-0.22,-1.95,-9.68
52679,-0.28,-2.03,-9.73
52705,-0.31,-2.00,-9.57
52731,-0.17,-1.82,-9.69
52757,-0.28,-1.85,-9.63
52784,-0.20,-1.90,-9.76
52807,-0.23,-1.92,-9.66
52836,-0.26,-1.95,-9.75
52861,-0.27,-1.99,-9.62
52888,-0.31,-2.01,-9.75
52913,-0.25,-2.01,-9.63
52939,-0.22,-1.92,-9.79
52966,-0.23,-1.83,-9.59
52992,-0.23,-1.85,-9.77
53016,-0.23,-1.90,-9.62
53044,-0.22,-1.86,-9.68
53067,-0.24,-1.87,-9.62
53096,-0.27,-1.95,-9.68
53121,-0.27,-2.01,-9.65
53148,-0.28,-2.06,-9.71
53174,-0.28,-2.04,-9.61
53200,-0.26,-1.95,-9.68
53226,-0.24,-1.85,-9.70
53251,-0.23,-1.83,-9.69
53278,-0.24,-1.88,-9.68
53302,-0.25,-1.90,-9.60
53329,-0.25,-1.90,-9.61
53354,-0.26,-1.95,-9.65
53381,-0.26,-2.00,-9.73
53406,-0.25,-1.92,-9.67
53433,-0.26,-1.89,-9.75
53459,-0.25,-1.92,-9.62
53486,-0.25,-1.89,-9.73
53510,-0.21,-1.85,-9.68
53538,-0.24,-1.84,-9.75
53562,-0.21,-1.83,-9.68
53590,-0.20,-1.75,-9.76
53613,-0.19,-1.72,-9.63
53641,-0.20,-1.73,-9.77
53665,-0.21,-1.75,-9.62
53693,-0.24,-1.74,-9.76
53718,-0.23,-1.79,-9.62
53745,-0.16,-1.75,-9.69
53770,-0.18,-1.70,-9.66
53797,-0.21,-1.75,-9.67
53821,-0.17,-1.67,-9.61
53850,-0.21,-1.66,-9.67
53874,-0.13,-1.68,-9.69
53901,-0.14,-1.63,-9.66
53927,-0.14,-1.60,-9.60
53953,-0.09,-1.60,-9.71
53980,-0.09,-1.67,-9.65
54003,-0.10,-1.77,-9.66
54032,-0.10,-1.75,-9.65
54055,-0.11,-1.70,-9.59
54083,-0.02,-1.65,-9.79
54108,0.00,-1.75,-9.65
54133,0.00,-1.78,-9.80
54158,-0.03,-1.79,-9.67
54184,-0.03,-1.77,-9.73
54209,-0.03,-1.83,-9.66
54238,-0.02,-1.79,-9.74
54261,0.00,-1.79,-9.65
54288,-0.01,-1.82,-9.73
54312,0.00,-1.82,-9.63
54339,0.03,-1.78,-9.78
54363,0.02,-1.78,-9.66
54389,0.00,-1.84,-9.74
54412,0.01,-1.90,-9.66
54439,0.05,-1.89,-9.76
54462,0.05,-1.88,-9.66
54490,0.05,-1.93,-9.75
54512,0.06,-1.94,-9.68
54539,0.05,-1.98,-9.77
54562,0.04,-1.98,-9.64
54589,0.01,-1.95,-9.75
54611,0.07,-1.95,-9.64
54639,0.04,-1.98,-9.76
54662,0.08,-1.99,-9.68
54689,0.03,-2.01,-9.73
54712,0.08,-2.01,-9.68
54738,0.07,-2.02,-9.78
54762,0.06,-2.02,-9.64
54789,0.08,-2.04,-9.76
54811,0.05,-2.04,-9.64
54839,0.06,-2.09,-9.76
54861,0.04,-2.07,-9.63
54889,0.04,-2.09,-9.75
54912,0.06,-2.09,-9.66
54938,0.04,-2.09,-9.75
54962,0.02,-2.11,-9.66
54988,0.06,-2.12,-9.79
55011,0.06,-2.03,-9.66
55038,0.06,-2.00,-9.76
55061,0.06,-2.09,-9.68
55088,0.05,-2.12,-9.76
55111,0.03,-2.10,-9.65
55138,0.02,-2.10,-9.76
55161,0.04,-2.11,-9.66
55188,0.01,-2.11,-9.73
55211,0.02,-2.12,-9.66
55237,0.02,-2.10,-9.76
55261,0.01,-2.11,-9.65
55287,0.00,-2.10,-9.74
55311,0.00,-2.10,-9.66
55336,0.01,-2.11,-9.76
55361,0.03,-2.12,-9.68
55387,0.01,-2.08,-9.76
55410,0.00,-2.10,-9.65
55437,0.02,-2.11,-9.88
55460,-0.17,-2.18,-9.60
55488,0.03,-2.01,-9.78
55512,-0.01,-2.01,-9.61
55539,0.05,-1.91,-9.83
55563,0.02,-1.96,-9.63
55589,0.05,-2.02,-9.81
55612,0.03,-2.03,-9.62
55640,0.09,-1.86,-9.78
55662,0.15,-1.75,-9.67
55690,0.14,-1.70,-9.74
55712,0.19,-1.73,-9.68
55739,0.19,-1.82,-9.76
55762,0.17,-1.94,-9.66
55789,0.17,-2.12,-9.78
55812,0.13,-2.20,-9.62
55839,0.16,-2.16,-9.78
55862,0.15,-2.15,-9.66
55888,0.15,-2.12,-9.76
55912,0.12,-2.14,-9.68
55939,0.12,-2.13,-9.78
55962,0.13,-2.12,-9.67
55988,0.16,-2.13,-9.78
56011,0.13,-2.14,-9.76
56038,0.20,-2.15,-9.69
56061,0.03,-2.08,-9.69
56088,0.11,-2.21,-9.77
56112,0.08,-2.17,-9.70
56138,0.07,-2.19,-9.75
56162,0.05,-2.21,-9.65
56187,0.08,-2.13,-9.76
56211,0.07,-2.11,-9.66
56238,0.08,-2.12,-9.74
56261,0.08,-2.13,-9.68
56288,0.05,-2.13,-9.75
56311,0.08,-2.10,-9.67
56338,0.05,-2.10,-9.74
56361,0.04,-2.10,-9.66
56388,0.04,-2.12,-9.77
56411,0.06,-2.12,-9.65
56437,0.06,-2.10,-9.77
56461,0.05,-2.09,-9.66
56487,0.03,-2.12,-9.76
56511,0.02,-2.12,-9.66
56537,0.00,-2.13,-9.78
56561,0.03,-2.12,-9.63
56587,0.03,-2.13,-9.65
56610,0.00,-2.14,-9.65
56637,-0.01,-2.17,-9.64
56662,-0.01,-2.18,-9.65
56689,0.00,-2.18,-9.77
56713,-0.08,-2.36,-9.64
56740,0.16,-2.16,-9.64
56764,-0.03,-2.37,-9.69
56792,-0.04,-2.20,-9.74
56815,-0.16,-2.28,-9.67
56844,-0.02,-2.21,-9.76
56867,-0.04,-2.03,-9.58
56895,-0.43,-2.36,-9.83
56920,-0.16,-2.19,-9.63
56947,-0.18,-2.29,-9.77
56972,-0.19,-2.24,-9.62
56998,-0.23,-2.16,-9.72
57024,-0.14,-2.35,-9.70
57052,-0.32,-2.23,-9.57
57075,-0.33,-2.28,-9.67
57104,-0.20,-2.23,-9.70
57128,-0.16,-2.12,-9.63
57156,-0.13,-2.01,-9.71
57181,-0.12,-2.03,-9.62
57207,-0.12,-2.03,-9.66
57234,-0.15,-2.04,-9.69
57259,-0.18,-2.00,-9.64
57286,-0.10,-1.88,-9.64
57310,-0.11,-1.88,-9.64
57337,-0.13,-1.83,-9.66
57362,-0.08,-1.76,-9.64
57390,-0.07,-1.77,-9.76
57413,-0.08,-1.78,-9.65
57442,-0.09,-1.73,-9.72
57465,-0.10,-1.77,-9.64
57494,-0.05,-1.80,-9.74
57518,-0.05,-1.77,-9.67
57546,-0.04,-1.73,-9.77
57570,0.00,-1.72,-9.64
57596,-0.03,-1.71,-9.74
57620,0.00,-1.67,-9.64
57647,-0.04,-1.81,-9.77
57671,-0.03,-1.95,-9.64
57699,-0.03,-2.03,-9.73
57723,-0.06,-2.05,-9.64
57751,-0.04,-2.01,-9.68
57776,-0.07,-2.01,-9.62
57804,-0.05,-1.99,-9.70
57828,-0.09,-2.03,-9.66
57857,-0.08,-2.01,-9.75
57880,-0.08,-2.01,-9.61
57908,-0.08,-2.01,-9.68
57933,-0.07,-2.02,-9.69
57958,-0.08,-2.03,-9.70
57986,-0.06,-2.01,-9.65
58009,-0.09,-1.98,-9.66
58037,-0.09,-2.00,-9.64
58061,-0.08,-2.02,-9.67
58089,-0.06,-1.99,-9.67
58114,-0.10,-1.98,-9.67
58141,-0.10,-2.01,-9.79
58166,-0.08,-2.00,-9.64
58193,-0.12,-1.98,-9.77
58218,-0.10,-1.99,-9.68
58246,-0.13,-2.01,-9.72
58269,-0.10,-1.98,-9.62
58298,-0.11,-2.00,-9.74
58321,-0.10,-2.00,-9.65
58349,-0.13,-2.02,-9.75
58374,-0.11,-1.98,-9.62
58401,-0.05,-2.02,-9.83
58426,-0.22,-2.08,-9.57
58455,-0.10,-2.06,-9.76
58477,-0.19,-2.01,-9.63
58506,-0.15,-1.98,-9.70
58530,-0.15,-2.01,-9.65
58558,-0.15,-1.99,-9.73
58584,-0.17,-1.98,-9.58
58609,-0.10,-1.88,-9.75
58636,-0.13,-1.62,-9.62
58660,0.00,-1.47,-9.74
58687,-0.04,-1.45,-9.57
58711,-0.03,-1.72,-9.65
58738,-0.08,-1.86,-9.56
58763,-0.03,-2.03,-9.76
58790,-0.10,-2.03,-9.64
58814,-0.10,-2.00,-9.69
58842,-0.11,-1.97,-9.72
58866,-0.11,-1.99,-9.68
58895,-0.12,-2.01,-9.75
58918,-0.08,-2.03,-9.65
58947,-0.09,-1.98,-9.77
58971,-0.11,-2.00,-9.65
58998,-0.13,-2.01,-9.78
59022,-0.11,-1.99,-9.64
59049,-0.12,-2.01,-9.78
59074,-0.12,-1.99,-9.66
59102,-0.11,-2.01,-9.68
59126,-0.11,-1.98,-9.62
59155,-0.14,-2.01,-9.70
59179,-0.12,-2.02,-9.64
59207,-0.15,-1.99,-9.67
59232,-0.15,-2.01,-9.66
59258,-0.13,-2.00,-9.72
59284,-0.12,-2.04,-9.67
59310,-0.22,-2.01,-9.62
59336,-0.15,-2.01,-9.68
59361,-0.15,-2.00,-9.66
59388,-0.12,-1.98,-9.65
59412,-0.15,-1.99,-9.65
59440,-0.16,-1.99,-9.62
59464,-0.15,-1.98,-9.67
59492,-0.16,-1.99,-9.77
59516,-0.17,-2.00,-9.67
59544,-0.15,-2.01,-9.74
59569,-0.18,-2.01,-9.66
59596,-0.20,-2.01,-9.75
59621,-0.16,-2.00,-9.64
59649,-0.19,-2.00,-9.78
59672,-0.19,-2.02,-9.65
59700,-0.18,-2.04,-9.76
59724,-0.16,-2.12,-9.65
59752,-0.22,-2.14,-9.73
59777,-0.25,-2.19,-9.63
59804,-0.29,-2.31,-9.72
59829,-0.30,-2.29,-9.59
59856,-0.29,-2.26,-9.67
59881,-0.29,-2.18,-9.65
59909,-0.25,-2.17,-9.73
59933,-0.33,-2.24,-9.61
59960,-0.32,-2.17,-9.73
59986,-0.32,-2.17,-9.62
60011,-0.30,-2.23,-9.71
60039,-0.26,-2.15,-9.64
60062,-0.27,-2.09,-9.67
60090,-0.28,-2.06,-9.65
60114,-0.23,-1.92,-9.65
60142,-0.21,-1.89,-9.61
60168,-0.21,-1.88,-9.70
60194,-0.25,-1.91,-9.72
60220,-0.24,-1.90,-9.65
60247,-0.24,-1.84,-9.75
60270,-0.23,-1.86,-9.65
60299,-0.23,-1.94,-9.74
60322,-0.26,-1.99,-9.62
60351,-0.24,-1.95,-9.79
60375,-0.27,-1.96,-9.61
60402,-0.26,-1.93,-9.75
60427,-0.22,-1.92,-9.64
60454,-0.24,-1.97,-9.68
60480,-0.27,-1.97,-9.64
60507,-0.26,-1.99,-9.69
60532,-0.29,-1.98,-9.59
60559,-0.25,-1.97,-9.69
60583,-0.28,-1.98,-9.63
60611,-0.25,-1.97,-9.72
60637,-0.24,-1.98,-9.73
60662,-0.22,-1.92,-9.69
60689,-0.22,-1.89,-9.64
60713,-0.23,-1.91,-9.62
