69102,0.44,-0.10,-1.90,-9.76
69133,-0.25,-0.23,-1.91,-9.57
69163,-0.50,-0.16,-1.85,-9.65
69196,-1.06,-0.14,-1.88,-9.75
69226,-1.50,-0.04,-1.92,-9.59
69261,-0.44,-0.13,-1.91,-9.64
69294,0.12,-0.16,-1.91,-9.61
69325,0.25,-0.11,-1.86,-9.58
69356,0.56,-0.12,-1.96,-9.63
69387,1.37,-0.10,-1.93,-9.67
69415,1.81,-0.09,-1.87,-9.60
69449,0.81,-0.12,-1.84,-9.70
69481,-0.31,-0.12,-1.81,-9.56
69512,-0.81,-0.03,-1.88,-9.68
69545,-1.31,-0.10,-1.82,-9.75
69574,-1.81,-0.14,-1.85,-9.53
69610,-2.13,-0.11,-1.83,-9.68
69643,-2.19,-0.09,-1.86,-9.67
69671,-2.75,-0.12,-1.88,-9.60
69706,-3.00,-0.08,-1.92,-9.74
69738,-2.19,-0.13,-1.98,-9.55
69769,-0.75,-0.11,-1.96,-9.60
69804,0.00,-0.12,-1.97,-9.74
69835,0.12,-0.09,-1.89,-9.61
69864,-0.69,-0.10,-1.84,-9.67
69898,-1.50,-0.10,-1.78,-9.74
69927,-3.25,-0.10,-1.71,-9.61
69961,-8.63,0.00,-1.54,-9.76
69994,-15.31,-0.22,-1.22,-9.37
70024,-22.81,0.00,-1.35,-9.79
70059,-28.94,0.00,-1.43,-9.61
70090,-38.06,0.05,-1.32,-9.73
70121,-45.13,0.00,-1.34,-9.58
70156,-52.25,0.03,-1.34,-9.70
70187,-60.06,0.08,-1.28,-9.61
70217,-67.06,0.12,-1.38,-9.62
70252,-74.12,0.09,-1.53,-9.70
70282,-78.06,0.15,-1.63,-9.62
70315,-81.12,0.15,-1.67,-9.60
70348,-83.44,0.16,-1.71,-9.77
70378,-85.50,0.15,-1.80,-9.59
70413,-87.06,0.19,-1.78,-9.68
70446,-88.50,0.19,-1.77,-9.61
70475,-89.81,0.21,-1.78,-9.56
70510,-91.44,0.24,-1.73,-9.69
70542,-94.06,0.23,-1.70,-9.62
70572,-96.06,0.23,-1.69,-9.60
70606,-98.44,0.24,-1.70,-9.73
70638,-101.31,0.29,-1.63,-9.69
70670,-103.81,0.26,-1.65,-9.54
70706,-106.75,0.31,-1.68,-9.74
70738,-108.69,0.33,-1.72,-9.55
70769,-110.44,0.34,-1.71,-9.61
70806,-112.25,0.36,-1.75,-9.78
70839,-113.19,0.32,-1.79,-9.63
70870,-113.75,0.33,-1.81,-9.62
70905,-114.19,0.34,-1.84,-9.73
70938,-114.37,0.33,-1.85,-9.62
70969,-114.31,0.32,-1.88,-9.60
71006,-113.75,0.28,-1.87,-9.76
71038,-113.56,0.29,-1.82,-9.59
71069,-113.56,0.29,-1.82,-9.66
71105,-113.75,0.27,-1.84,-9.71
71139,-113.69,0.28,-1.81,-9.63
71169,-113.69,0.26,-1.81,-9.60
71205,-113.56,0.27,-1.84,-9.74
71238,-113.44,0.25,-1.85,-9.61
71269,-113.19,0.26,-1.85,-9.64
71305,-112.62,0.24,-1.88,-9.72
71337,-112.06,0.21,-1.89,-9.57
71368,-111.19,0.20,-1.92,-9.60
71405,-109.87,0.18,-1.93,-9.71
71437,-108.94,0.18,-1.91,-9.60
71469,-108.19,0.16,-1.93,-9.59
71503,-106.81,0.16,-1.95,-9.73
71536,-105.81,0.12,-1.97,-9.57
71568,-104.62,0.11,-1.95,-9.62
71604,-103.06,0.11,-2.00,-9.70
71635,-101.75,0.10,-1.98,-9.59
71668,-100.44,0.06,-2.00,-9.56
71704,-98.56,0.02,-1.97,-9.64
71734,-97.44,0.06,-1.99,-9.66
71767,-96.12,0.02,-1.99,-9.62
71800,-94.81,0.05,-1.99,-9.80
71830,-93.81,0.01,-2.01,-9.59
71865,-92.75,0.03,-1.98,-9.69
71898,-91.81,0.01,-1.99,-9.57
71927,-91.06,0.00,-1.98,-9.62
71961,-90.44,0.02,-1.93,-9.69
71994,-89.87,-0.01,-1.97,-9.57
72025,-89.06,-0.02,-1.99,-9.63
72060,-88.44,0.02,-1.95,-9.52
72092,-87.69,0.01,-1.97,-9.57
72123,-87.00,0.01,-2.04,-9.63
72158,-85.37,-0.04,-2.05,-9.69
72189,-83.94,-0.03,-2.04,-9.69
72221,-82.50,-0.04,-2.07,-9.58
72258,-80.81,-0.03,-2.06,-9.73
72290,-79.87,-0.02,-2.05,-9.60
72322,-79.44,-0.04,-1.97,-9.60
72357,-79.12,-0.04,-1.98,-9.71
72389,-79.06,-0.02,-1.97,-9.62
72421,-79.31,-0.06,-1.95,-9.61
72458,-79.87,-0.02,-1.98,-9.71
72488,-80.12,-0.01,-1.98,-9.62
72521,-80.06,-0.02,-2.01,-9.59
72556,-79.62,-0.04,-2.01,-9.69
72588,-79.37,-0.02,-2.03,-9.62
72621,-79.06,-0.01,-2.03,-9.61
72656,-78.37,-0.03,-2.03,-9.71
72687,-77.81,-0.02,-2.05,-9.59
72720,-77.19,-0.02,-2.06,-9.64
72756,-76.56,-0.03,-2.04,-9.71
72787,-76.31,0.00,-2.01,-9.63
72820,-76.19,0.00,-2.02,-9.62
72854,-75.94,-0.01,-2.04,-9.70
72885,-75.87,-0.01,-2.02,-9.61
72920,-75.44,0.00,-2.02,-9.64
72952,-75.31,0.01,-2.06,-9.75
72982,-74.81,-0.03,-2.08,-9.58
73018,-73.81,0.00,-2.07,-9.70
73051,-73.25,0.00,-2.06,-9.62
73080,-72.37,0.00,-2.09,-9.61
73115,-71.87,-0.03,-2.08,-9.66
73149,-70.69,0.00,-2.06,-9.60
73179,-70.06,-0.02,-2.09,-9.58
73213,-69.44,-0.01,-2.06,-9.69
73247,-68.75,0.00,-2.05,-9.61
73277,-68.25,0.00,-2.06,-9.65
73312,-67.87,-0.02,-2.02,-9.70
73345,-67.81,-0.01,-2.01,-9.64
73375,-67.81,0.02,-2.00,-9.64
73411,-68.12,-0.03,-1.98,-9.64
73443,-68.50,0.00,-1.98,-9.59
73474,-68.81,0.00,-1.97,-9.61
73508,-69.37,0.01,-2.01,-9.71
73538,-69.56,0.01,-1.98,-9.60
73571,-69.37,0.02,-1.99,-9.64
73605,-69.12,0.00,-2.02,-9.66
73634,-68.62,0.11,-2.10,-9.71
73669,-67.19,0.04,-2.07,-9.61
73702,-65.69,0.04,-2.11,-9.68
73732,-64.12,-0.04,-2.08,-9.49
73766,-62.44,0.00,-2.07,-9.71
73800,-61.81,0.00,-2.01,-9.67
73829,-60.75,-0.02,-2.06,-9.56
73865,-60.00,0.00,-2.01,-9.66
73896,-59.13,0.03,-2.06,-9.75
73927,-58.19,-0.02,-1.99,-9.52
73963,-59.25,0.06,-1.86,-9.93
73995,-59.31,-0.07,-1.95,-9.40
74025,-59.13,0.06,-2.01,-9.75
74060,-58.69,-0.03,-2.00,-9.57
74093,-57.81,0.02,-1.99,-9.66
74124,-57.63,0.00,-1.95,-9.61
74158,-57.50,0.00,-1.99,-9.68
74188,-57.25,0.00,-1.94,-9.61
74221,-56.75,0.01,-1.97,-9.69
74255,-56.44,0.00,-1.97,-9.67
74285,-55.69,0.00,-2.05,-9.68
74319,-53.25,-0.03,-2.12,-9.57
74353,-50.81,-0.01,-2.15,-9.66
74383,-47.69,-0.05,-2.21,-9.56
74420,-42.81,-0.07,-2.23,-9.61
74452,-38.94,-0.09,-2.22,-9.59
74483,-34.81,-0.10,-2.21,-9.59
74519,-29.37,-0.10,-2.25,-9.71
74553,-25.50,-0.13,-2.22,-9.58
74583,-22.69,-0.06,-2.12,-9.66
74619,-19.94,-0.11,-2.06,-9.68
74652,-18.37,-0.12,-2.02,-9.59
74683,-17.00,-0.10,-2.02,-9.59
74719,-15.00,-0.10,-2.05,-9.67
74753,-13.00,-0.11,-2.09,-9.65
74783,-10.38,-0.15,-2.17,-9.57
74818,-6.13,-0.12,-2.14,-9.67
74852,-2.63,-0.15,-2.16,-9.58
74884,0.56,-0.15,-2.17,-9.60
74915,2.31,-0.11,-1.95,-9.73
74946,2.50,-0.09,-1.89,-9.64
74974,2.25,-0.10,-1.91,-9.60
75008,2.06,-0.11,-1.89,-9.69
75036,1.63,-0.08,-1.84,-9.61
75070,0.31,-0.10,-1.84,-9.70
75102,-0.69,-0.11,-1.88,-9.62
75134,-0.75,-0.10,-1.91,-9.60
75166,-0.63,-0.10,-1.94,-9.67
75198,-0.37,-0.12,-1.93,-9.64
75230,-0.12,-0.10,-1.89,-9.59
75264,-0.56,-0.10,-1.88,-9.71
75295,-0.44,-0.10,-1.94,-9.56
75326,-0.25,-0.12,-1.90,-9.62
75359,-0.44,-0.11,-1.91,-9.73
75393,-0.56,-0.10,-1.92,-9.61
75423,-0.69,-0.11,-1.91,-9.63
75456,-0.75,-0.11,-1.89,-9.70
75488,-0.88,-0.11,-1.93,-9.60
75521,-0.12,-0.10,-1.95,-9.66
75553,0.25,-0.10,-1.91,-9.59
75585,-0.06,-0.09,-1.89,-9.62
75617,-0.37,-0.08,-1.90,-9.66
75649,-0.69,-0.11,-1.90,-9.62
75679,-0.88,-0.10,-1.89,-9.63
75713,-0.63,-0.12,-1.95,-9.68
75746,-0.12,-0.12,-2.00,-9.60
75777,0.25,-0.09,-1.85,-9.64
75808,-0.06,-0.07,-1.87,-9.71
75841,-0.37,-0.12,-1.92,-9.61
75873,-0.37,-0.13,-1.92,-9.64
75906,0.06,-0.10,-1.90,-9.67
75936,0.19,-0.11,-1.93,-9.54
75968,0.31,-0.12,-1.87,-9.71
75999,0.00,-0.09,-1.87,-9.61
76029,-0.06,-0.09,-1.90,-9.58
76063,-0.25,-0.12,-1.90,-9.71
