28616,0.00,-0.20,-1.99,-9.62
28648,0.00,-0.19,-2.01,-9.70
28679,0.12,-0.17,-1.99,-9.65
28710,0.31,-0.32,-1.98,-9.66
28741,0.06,-0.22,-1.96,-9.61
28772,0.19,-0.20,-2.01,-9.60
28805,0.00,-0.07,-1.97,-9.69
28835,-0.37,-0.17,-2.00,-9.60
28867,-0.12,-0.17,-2.01,-9.66
28900,0.06,-0.20,-1.98,-9.75
28931,-0.12,-0.19,-2.00,-9.65
28963,-0.06,-0.28,-1.92,-9.70
28996,0.00,-0.21,-1.97,-9.66
29027,0.00,-0.18,-2.01,-9.68
29059,0.12,-0.14,-2.01,-9.67
29089,0.12,-0.18,-1.99,-9.59
29119,0.12,-0.19,-1.97,-9.65
29152,0.06,-0.18,-2.00,-9.73
29182,0.06,-0.16,-2.01,-9.63
29214,0.19,-0.18,-2.01,-9.64
29245,0.00,-0.19,-1.98,-9.62
29277,-0.06,-0.16,-1.99,-9.65
29308,0.06,-0.19,-1.99,-9.71
29339,0.12,-0.19,-1.99,-9.62
29370,0.06,-0.17,-2.01,-9.63
29402,0.06,-0.16,-1.99,-9.73
29433,-0.12,-0.17,-2.00,-9.63
29465,0.00,-0.19,-1.98,-9.70
29497,0.06,-0.17,-1.99,-9.63
29528,0.06,-0.15,-2.02,-9.60
29559,0.19,-0.17,-1.97,-9.67
29590,0.06,-0.16,-1.96,-9.65
29621,0.06,-0.18,-1.99,-9.65
29652,0.06,-0.18,-1.98,-9.73
29684,0.12,-0.19,-1.97,-9.60
29715,0.06,-0.21,-1.99,-9.68
29747,0.19,-0.16,-1.97,-9.61
29778,0.06,-0.16,-1.96,-9.61
29809,0.00,-0.16,-2.01,-9.65
29840,0.06,-0.16,-1.99,-9.65
29870,-0.06,-0.18,-2.01,-9.65
29903,0.12,-0.19,-1.98,-9.71
29934,0.12,-0.17,-2.02,-9.60
29966,0.12,-0.18,-1.99,-9.68
29998,0.12,-0.18,-2.01,-9.67
30028,0.12,-0.18,-2.02,-9.65
30060,0.12,-0.16,-2.00,-9.66
30091,0.12,-0.18,-2.03,-9.58
30120,0.31,-0.18,-1.98,-9.63
30153,0.06,-0.20,-2.00,-9.73
30184,0.12,-0.16,-2.02,-9.64
30216,0.19,-0.16,-1.98,-9.66
30247,0.06,-0.19,-1.98,-9.63
30278,0.06,-0.20,-2.00,-9.63
30310,0.12,-0.18,-1.98,-9.75
30341,0.06,-0.19,-2.00,-9.59
30370,0.06,-0.17,-1.97,-9.62
30403,0.00,-0.18,-1.98,-9.75
30434,-0.06,-0.20,-1.99,-9.59
30466,0.06,-0.18,-1.97,-9.68
30498,-0.06,-0.19,-1.99,-9.64
30530,0.06,-0.19,-1.99,-9.60
30561,0.06,-0.17,-2.01,-9.67
30592,0.00,-0.17,-1.98,-9.63
30622,0.06,-0.20,-1.98,-9.64
30655,0.06,-0.16,-1.99,-9.72
30687,0.00,-0.18,-1.99,-9.59
30716,-0.12,-0.18,-1.99,-9.68
30750,0.12,-0.21,-2.00,-9.65
30781,0.00,-0.18,-1.98,-9.62
30812,0.00,-0.20,-2.00,-9.65
30842,0.00,-0.19,-1.99,-9.67
30873,0.00,-0.17,-2.02,-9.64
30905,0.12,-0.17,-1.99,-9.75
30937,-0.06,-0.17,-2.00,-9.59
30968,0.00,-0.18,-2.00,-9.68
31001,-0.12,-0.19,-1.99,-9.67
31032,0.00,-0.17,-2.00,-9.60
31064,-0.06,-0.20,-1.98,-9.68
31095,0.00,-0.20,-1.99,-9.58
31125,0.06,-0.17,-1.99,-9.63
31159,-0.06,-0.19,-1.99,-9.73
31191,-0.06,-0.20,-1.99,-9.62
31221,0.00,-0.16,-2.00,-9.60
31253,-0.06,-0.16,-1.99,-9.73
31287,-0.12,-0.19,-2.01,-9.58
31318,-0.06,-0.18,-1.99,-9.70
31351,0.00,-0.17,-2.00,-9.62
31382,0.12,-0.18,-1.97,-9.62
31413,0.00,-0.21,-2.00,-9.69
31443,0.00,-0.18,-1.99,-9.61
31474,0.06,-0.19,-2.02,-9.62
31507,-0.06,-0.17,-1.99,-9.70
31540,0.12,-0.16,-1.98,-9.60
31569,-0.12,-0.16,-2.01,-9.67
31602,0.19,-0.20,-2.00,-9.75
31633,0.06,-0.18,-1.99,-9.61
31665,-0.06,-0.19,-1.99,-9.66
31697,-0.06,-0.18,-2.01,-9.69
31728,0.12,-0.21,-1.98,-9.66
31761,0.00,-0.19,-1.99,-9.73
31792,0.06,-0.16,-1.99,-9.62
31821,0.12,-0.19,-1.97,-9.64
31853,0.00,-0.18,-2.01,-9.74
31885,0.06,-0.18,-2.01,-9.59
31917,-0.12,-0.18,-1.98,-9.65
31949,-0.12,-0.20,-2.01,-9.60
31981,-0.06,-0.20,-2.00,-9.65
32013,0.00,-0.18,-2.00,-9.71
32044,0.06,-0.18,-1.97,-9.59
32074,0.00,-0.18,-1.97,-9.61
32107,-0.06,-0.19,-1.99,-9.74
32139,0.06,-0.17,-2.01,-9.63
32168,0.06,-0.17,-2.00,-9.69
32201,0.00,-0.22,-1.99,-9.64
32233,0.00,-0.17,-1.97,-9.62
32264,0.06,-0.16,-2.01,-9.64
32294,-0.06,-0.21,-1.99,-9.64
32326,-0.06,-0.20,-1.94,-9.62
32360,0.06,-0.15,-1.84,-9.75
32391,0.00,-0.19,-1.94,-9.60
32420,0.06,-0.22,-2.02,-9.71
32453,0.00,-0.19,-1.90,-9.66
32484,-0.06,-0.20,-1.99,-9.60
32517,0.00,-0.15,-1.99,-9.67
32547,-0.06,-0.14,-1.98,-9.70
32580,-0.06,-0.19,-2.01,-9.65
32613,0.00,-0.17,-2.00,-9.73
32644,-0.06,-0.23,-1.96,-9.60
32673,0.00,-0.20,-1.98,-9.64
32706,-0.06,-0.15,-1.98,-9.74
32739,-0.12,-0.19,-2.02,-9.60
32771,0.06,-0.24,-2.02,-9.63
32803,0.00,-0.17,-2.01,-9.62
32833,0.06,-0.22,-1.98,-9.62
32865,0.06,-0.21,-1.99,-9.70
32896,-0.06,-0.22,-2.00,-9.66
32926,-0.12,-0.17,-2.00,-9.62
32961,0.06,-0.18,-2.01,-9.76
32992,0.06,-0.22,-2.00,-9.62
33021,0.06,-0.19,-2.00,-9.67
33054,0.00,-0.16,-1.98,-9.71
33085,0.00,-0.16,-2.01,-9.60
33116,-0.06,-0.17,-1.99,-9.67
33148,-0.12,-0.21,-1.99,-9.65
33181,0.06,-0.14,-2.00,-9.66
33213,0.00,-0.19,-2.01,-9.76
33244,0.00,-0.21,-2.00,-9.63
33273,-0.12,-0.17,-2.01,-9.61
33306,0.06,-0.18,-1.99,-9.68
33337,-0.06,-0.25,-2.00,-9.56
33370,-0.06,-0.17,-2.00,-9.68
33402,-0.06,-0.15,-1.98,-9.70
33434,0.12,-0.22,-2.02,-9.62
33466,0.00,-0.16,-1.98,-9.71
33497,0.12,-0.20,-1.97,-9.59
33526,-0.12,-0.17,-1.99,-9.65
33561,0.00,-0.19,-2.00,-9.72
33593,0.00,-0.12,-1.98,-9.56
33623,0.00,-0.19,-1.99,-9.72
33654,-0.06,-0.26,-1.99,-9.57
33686,0.06,-0.12,-1.96,-9.61
33718,-0.06,-0.20,-2.01,-9.68
33750,-0.06,-0.22,-2.01,-9.62
33782,0.06,-0.18,-2.01,-9.61
33813,0.06,-0.16,-1.98,-9.74
33845,-0.06,-0.19,-1.98,-9.64
33875,0.00,-0.19,-1.98,-9.65
33907,0.00,-0.19,-1.99,-9.73
33938,0.00,-0.17,-2.00,-9.59
33970,-0.06,-0.22,-1.98,-9.69
34002,-0.06,-0.15,-1.99,-9.65
34034,0.00,-0.17,-1.99,-9.62
34066,-0.12,-0.20,-2.00,-9.71
34098,0.00,-0.18,-2.02,-9.59
34128,-0.12,-0.18,-1.98,-9.64
34162,-0.12,-0.21,-2.01,-9.73
34194,0.12,-0.18,-2.01,-9.59
34225,0.06,-0.16,-1.98,-9.67
34256,0.00,-0.21,-1.99,-9.73
34287,-0.06,-0.14,-2.00,-9.60
34320,0.00,-0.16,-1.97,-9.68
34352,-0.12,-0.19,-2.01,-9.61
34383,-0.06,-0.22,-2.01,-9.64
34416,0.06,-0.20,-1.98,-9.81
34447,-0.06,-0.20,-2.00,-9.62
34478,0.06,-0.23,-2.02,-9.68
34509,0.00,-0.14,-1.97,-9.72
34541,0.00,-0.14,-1.96,-9.62
34572,-0.06,-0.22,-2.00,-9.70
34606,0.00,-0.19,-2.02,-9.60
34635,0.00,-0.15,-1.97,-9.61
34667,0.06,-0.19,-2.01,-9.65
34698,-0.06,-0.31,-2.02,-9.67
34729,-0.06,-0.11,-1.97,-9.59
34763,0.06,-0.16,-1.94,-9.73
34794,0.06,-0.28,-1.98,-9.59
34824,-0.06,-0.13,-2.03,-9.60
34857,-0.06,-0.18,-1.93,-9.72
34889,-0.06,-0.23,-2.02,-9.59
34922,-0.06,-0.22,-1.99,-9.66
34955,-0.06,-0.12,-1.97,-9.58
34987,-0.06,-0.21,-2.00,-9.67
35018,0.06,-0.20,-2.01,-9.70
35049,0.06,-0.10,-1.96,-9.57
35080,0.00,-0.23,-2.01,-9.59
35112,0.06,-0.19,-2.00,-9.74
35144,-0.12,-0.13,-1.98,-9.61
35175,-0.06,-0.14,-1.99,-9.71
35208,-0.06,-0.23,-2.00,-9.71
35239,-0.06,-0.18,-1.98,-9.62
35272,0.06,-0.19,-1.98,-9.70
35304,0.00,-0.22,-2.01,-9.69
35335,-0.06,-0.16,-2.00,-9.62
35367,-0.06,-0.20,-1.97,-9.73
35398,-0.06,-0.20,-2.01,-9.67
35430,0.06,-0.16,-1.98,-9.66
35463,0.06,-0.19,-1.99,-9.74
35494,0.00,-0.20,-2.00,-9.60
35524,0.00,-0.21,-1.99,-9.68
35557,0.06,-0.18,-2.00,-9.68
35588,-0.06,-0.18,-2.00,-9.64
35619,0.00,-0.21,-1.98,-9.65
35650,0.06,-0.16,-2.00,-9.62
35681,0.06,-0.20,-1.99,-9.64
35714,0.06,-0.21,-2.01,-9.77
35745,-0.06,-0.16,-1.99,-9.64
35775,0.00,-0.19,-1.99,-9.67
35808,-0.06,-0.20,-2.01,-9.60
35840,0.00,-0.17,-1.99,-9.59
35871,-0.12,-0.18,-2.00,-9.69
35904,0.06,-0.21,-2.00,-9.63
35934,0.06,-0.17,-1.98,-9.66
35966,-0.12,-0.19,-2.00,-9.73
35998,0.06,-0.21,-1.99,-9.66
36028,0.00,-0.18,-2.01,-9.61
36061,0.00,-0.20,-1.98,-9.72
36091,0.06,-0.20,-1.99,-9.61
36123,0.00,-0.21,-1.97,-9.71
36155,0.06,-0.19,-2.00,-9.63
36186,-0.06,-0.18,-1.98,-9.71
36218,0.06,-0.16,-1.96,-9.75
36249,-0.06,-0.21,-2.00,-9.67
36279,-0.06,-0.17,-1.99,-9.63
36314,0.00,-0.20,-1.98,-9.75
36344,0.06,-0.14,-1.98,-9.60
36375,-0.06,-0.19,-1.98,-9.66
36409,-0.06,-0.21,-1.99,-9.67
36440,0.00,-0.17,-1.99,-9.61
36471,0.00,-0.20,-1.98,-9.68
36502,0.00,-0.20,-2.00,-9.62
36533,0.00,-0.18,-1.96,-9.65
36566,0.00,-0.19,-1.99,-9.75
36597,0.06,-0.20,-2.00,-9.60
36626,0.00,-0.19,-2.00,-9.67
36660,0.06,-0.16,-2.00,-9.63
36690,0.12,-0.19,-2.03,-9.60
36721,0.06,-0.17,-2.00,-9.69
36752,-0.06,-0.18,-1.98,-9.60
36783,0.00,-0.19,-2.02,-9.62
36816,0.00,-0.20,-2.00,-9.74
36847,0.00,-0.18,-2.00,-9.60
36877,0.06,-0.20,-2.00,-9.70
36910,0.06,-0.16,-1.99,-9.63
36940,0.06,-0.17,-1.98,-9.55
36971,0.00,-0.16,-1.99,-9.70
37003,0.00,-0.20,-2.02,-9.64
37032,0.00,-0.18,-1.99,-9.66
37065,0.00,-0.21,-1.97,-9.71
37097,0.00,-0.19,-1.99,-9.62
37127,0.06,-0.24,-1.98,-9.69
37159,0.00,-0.16,-1.99,-9.68
37190,-0.06,-0.20,-1.99,-9.59
37222,0.12,-0.20,-2.01,-9.63
37254,-0.06,-0.17,-1.99,-9.70
37284,0.00,-0.20,-1.99,-9.64
37317,0.06,-0.18,-2.01,-9.71
37349,0.06,-0.19,-2.00,-9.59
37379,0.12,-0.20,-2.00,-9.70
37410,0.00,-0.20,-2.00,-9.72
37441,0.00,-0.21,-2.02,-9.62
37473,0.00,-0.18,-1.98,-9.66
37504,0.00,-0.22,-1.97,-9.64
37534,-0.06,-0.19,-1.97,-9.64
37568,0.06,-0.16,-2.01,-9.73
37599,-0.06,-0.20,-2.01,-9.57
37629,0.00,-0.18,-2.01,-9.62
37662,0.00,-0.15,-1.96,-9.72
37693,-0.06,-0.20,-1.97,-9.64
37726,0.00,-0.17,-2.01,-9.68
37757,0.00,-0.18,-1.99,-9.62
37788,0.00,-0.17,-1.96,-9.63
37820,-0.06,-0.21,-1.98,-9.72
37852,-0.06,-0.17,-1.98,-9.65
37882,0.06,-0.19,-1.99,-9.62
37914,0.06,-0.19,-2.00,-9.71
37946,-0.06,-0.19,-2.01,-9.61
37978,-0.06,-0.19,-2.00,-9.67
38011,-0.06,-0.17,-2.01,-9.66
38042,-0.06,-0.18,-2.00,-9.62
38075,0.00,-0.19,-2.00,-9.67
38107,0.00,-0.19,-2.00,-9.70
38136,0.00,-0.19,-1.98,-9.64
38169,-0.12,-0.18,-1.97,-9.74
38202,-0.06,-0.20,-2.01,-9.60
38232,-0.06,-0.19,-1.98,-9.64
38265,0.06,-0.18,-2.01,-9.74
38296,0.00,-0.21,-2.00,-9.61
38328,0.00,-0.20,-1.99,-9.65
38360,0.12,-0.15,-2.00,-9.63
38390,0.00,-0.17,-2.00,-9.63
38422,-0.12,-0.22,-2.00,-9.75
38453,0.00,-0.18,-1.96,-9.61
38483,0.00,-0.16,-1.97,-9.61
38516,-0.06,-0.21,-2.00,-9.76
38549,0.12,-0.19,-2.01,-9.63
38579,0.00,-0.19,-1.98,-9.71
38611,0.00,-0.19,-2.00,-9.60
38641,0.06,-0.20,-1.98,-9.66
38673,0.06,-0.18,-1.98,-9.67
38704,0.00,-0.21,-2.00,-9.65
38734,0.00,-0.18,-2.00,-9.64
38766,-0.06,-0.17,-2.00,-9.71
38800,-0.19,-0.19,-2.00,-9.62
38831,-0.06,-0.21,-2.01,-9.69
38863,-0.06,-0.18,-2.00,-9.77
38895,-0.12,-0.17,-1.98,-9.60
38928,-0.06,-0.18,-2.01,-9.69
38961,-0.19,-0.20,-2.00,-9.69
38992,0.06,-0.16,-1.99,-9.61
39024,0.00,-0.18,-2.00,-9.71
39054,-0.12,-0.18,-1.97,-9.61
39086,0.00,-0.20,-1.97,-9.62
39118,-0.06,-0.19,-1.98,-9.71
39151,-0.06,-0.18,-2.00,-9.61
39182,-0.12,-0.19,-1.97,-9.71
39215,-0.06,-0.21,-1.99,-9.75
39246,-0.06,-0.17,-1.97,-9.63
39279,0.00,-0.19,-1.99,-9.68
39311,0.06,-0.18,-2.03,-9.61
39342,0.06,-0.16,-2.00,-9.60
39373,-0.06,-0.18,-1.99,-9.69
39405,0.06,-0.19,-2.00,-9.65
39435,0.12,-0.17,-1.98,-9.59
39468,-0.12,-0.20,-1.99,-9.71
39500,0.06,-0.19,-2.03,-9.61
39530,-0.06,-0.21,-1.99,-9.66
39564,0.06,-0.17,-1.99,-9.65
39595,-0.12,-0.20,-2.00,-9.61
39626,-0.12,-0.18,-2.01,-9.68
39659,0.00,-0.20,-1.99,-9.59
39690,-0.06,-0.19,-1.98,-9.63
39724,0.00,-0.20,-2.01,-9.72
39754,0.12,-0.18,-1.99,-9.61
39784,0.00,-0.18,-1.98,-9.61
39816,0.06,-0.21,-1.99,-9.73
39846,0.00,-0.18,-2.01,-9.62
39878,-0.06,-0.18,-1.99,-9.70
39911,0.00,-0.18,-1.98,-9.59
39942,0.06,-0.19,-1.98,-9.63
39973,0.06,-0.18,-1.98,-9.73
40005,-0.06,-0.18,-2.00,-9.60
40035,-0.12,-0.18,-2.00,-9.60
40069,-0.06,-0.19,-2.00,-9.70
40101,-0.06,-0.18,-2.04,-9.58
40132,0.00,-0.19,-2.00,-9.68
40165,0.00,-0.19,-2.00,-9.73
40196,-0.06,-0.17,-2.00,-9.60
40227,0.12,-0.19,-1.99,-9.67
40259,-0.06,-0.18,-1.98,-9.67
40291,0.00,-0.19,-2.00,-9.66
40323,-0.06,-0.20,-1.99,-9.72
40355,-0.06,-0.16,-1.99,-9.59
40385,0.06,-0.19,-2.01,-9.65
40418,-0.06,-0.18,-2.00,-9.74
40451,0.06,-0.20,-1.97,-9.60
40481,0.00,-0.19,-1.98,-9.68
40513,0.00,-0.16,-2.01,-9.60
40544,-0.06,-0.16,-1.98,-9.63
40577,-0.06,-0.24,-2.00,-9.71
40608,-0.06,-0.20,-2.01,-9.61
40640,0.06,-0.17,-2.01,-9.61
40673,0.00,-0.19,-2.01,-9.76
40704,-0.06,-0.18,-1.97,-9.64
40734,0.06,-0.17,-1.98,-9.62
40766,-0.12,-0.19,-1.98,-9.74
40799,0.06,-0.18,-2.00,-9.63
40830,-0.19,-0.18,-1.98,-9.66
40863,-0.06,-0.18,-2.00,-9.65
40895,0.00,-0.18,-2.01,-9.61
40926,-0.12,-0.19,-1.99,-9.62
40957,-0.12,-0.18,-2.00,-9.69
40989,-0.06,-0.16,-1.99,-9.66
41023,0.00,-0.22,-2.01,-9.72
41054,-0.12,-0.21,-1.98,-9.58
41085,-0.06,-0.18,-1.99,-9.63
41118,0.06,-0.19,-2.00,-9.74
41149,0.00,-0.19,-1.99,-9.57
41181,0.00,-0.18,-1.99,-9.66
41212,0.06,-0.19,-2.02,-9.60
41242,-0.12,-0.20,-2.01,-9.65
41276,0.00,-0.21,-1.99,-9.74
41307,0.06,-0.19,-2.01,-9.64
41336,-0.06,-0.20,-1.99,-9.63
41369,0.00,-0.18,-2.00,-9.73
41401,0.00,-0.18,-2.02,-9.62
41432,0.00,-0.17,-1.99,-9.70
41463,-0.06,-0.19,-1.98,-9.62
41496,0.00,-0.17,-2.01,-9.60
41527,-0.06,-0.21,-1.99,-9.68
41559,-0.06,-0.19,-1.99,-9.62
41590,0.06,-0.20,-1.99,-9.62
41623,0.12,-0.19,-2.00,-9.70
41654,-0.06,-0.20,-2.01,-9.62
41684,0.00,-0.18,-2.00,-9.65
41717,-0.12,-0.19,-1.99,-9.75
41749,0.00,-0.20,-2.00,-9.61
41781,0.00,-0.18,-1.99,-9.66
41811,0.12,-0.20,-2.02,-9.65
41842,0.12,-0.17,-1.99,-9.64
41875,-0.06,-0.21,-2.01,-9.75
41907,-0.06,-0.18,-2.01,-9.62
41937,0.00,-0.20,-2.01,-9.63
41969,-0.06,-0.18,-1.99,-9.73
42002,0.06,-0.17,-1.98,-9.63
42033,0.00,-0.18,-1.98,-9.67
42065,-0.12,-0.19,-2.00,-9.59
42097,0.00,-0.19,-1.97,-9.62
42128,0.06,-0.19,-2.01,-9.71
42159,0.00,-0.21,-2.00,-9.63
42189,-0.06,-0.19,-1.98,-9.63
42223,-0.06,-0.20,-1.99,-9.75
42256,-0.06,-0.19,-2.00,-9.61
42286,0.00,-0.20,-1.99,-9.65
42318,-0.06,-0.17,-1.98,-9.73
42350,0.00,-0.20,-1.98,-9.61
42382,-0.06,-0.18,-1.98,-9.68
42415,0.06,-0.20,-1.98,-9.67
42444,-0.06,-0.18,-1.99,-9.63
42478,0.00,-0.13,-1.99,-9.73
42509,-0.12,-0.22,-1.99,-9.61
42540,-0.12,-0.15,-2.01,-9.66
42573,0.06,-0.22,-2.00,-9.74
42605,0.06,-0.18,-2.00,-9.60
42635,0.00,-0.15,-2.00,-9.66
42668,0.00,-0.20,-2.02,-9.71
42698,-0.06,-0.21,-2.01,-9.66
42730,0.06,-0.16,-2.00,-9.70
42761,0.00,-0.16,-2.00,-9.62
42791,-0.06,-0.21,-2.01,-9.63
42825,0.00,-0.20,-2.00,-9.71
42856,0.06,-0.19,-1.99,-9.61
42887,0.00,-0.19,-1.98,-9.65
42918,0.06,-0.17,-2.01,-9.60
42949,-0.12,-0.21,-1.98,-9.58
42982,0.00,-0.17,-2.00,-9.67
43013,-0.06,-0.17,-2.00,-9.60
43044,-0.06,-0.20,-2.00,-9.59
43078,0.00,-0.17,-2.02,-9.74
43109,-0.12,-0.19,-2.00,-9.61
43140,0.00,-0.20,-1.99,-9.60
43171,-0.12,-0.22,-1.99,-9.72
43205,0.00,-0.16,-1.99,-9.62
43235,-0.06,-0.20,-1.99,-9.69
43269,0.06,-0.22,-1.98,-9.64
43299,-0.06,-0.09,-2.00,-9.66
43331,-0.06,-0.21,-2.01,-9.67
43363,-0.06,-0.16,-2.00,-9.63
43396,-0.06,-0.22,-1.99,-9.61
43428,0.00,-0.16,-1.99,-9.75
43460,0.06,-0.19,-2.01,-9.63
43489,-0.06,-0.18,-1.99,-9.61
43523,0.06,-0.19,-1.99,-9.74
43553,0.06,-0.18,-2.01,-9.60
43585,0.00,-0.19,-1.97,-9.70
43617,-0.06,-0.18,-2.01,-9.60
43649,0.00,-0.16,-1.98,-9.62
43680,-0.06,-0.21,-2.01,-9.74
43711,0.06,-0.18,-2.01,-9.64
43742,0.06,-0.20,-2.00,-9.62
43773,-0.12,-0.18,-1.99,-9.73
43807,0.12,-0.18,-1.98,-9.62
43837,0.00,-0.20,-2.01,-9.69
43870,0.00,-0.21,-1.99,-9.64
43900,0.00,-0.15,-1.98,-9.60
43931,0.00,-0.18,-1.99,-9.68
43962,0.00,-0.20,-1.98,-9.66
43993,0.06,-0.16,-1.97,-9.61
44024,-0.06,-0.16,-2.01,-9.72
44057,-0.06,-0.19,-2.00,-9.63
44089,0.00,-0.18,-2.00,-9.66
44121,-0.12,-0.18,-1.97,-9.74
44152,0.06,-0.19,-1.99,-9.59
44184,0.00,-0.19,-1.99,-9.67
44215,0.00,-0.17,-1.97,-9.59
44246,0.00,-0.19,-1.99,-9.64
44278,0.00,-0.19,-1.98,-9.71
44309,0.00,-0.17,-1.99,-9.63
44339,0.00,-0.18,-1.98,-9.66
44371,0.00,-0.20,-1.98,-9.73
44402,0.06,-0.17,-1.99,-9.61
44433,0.00,-0.16,-1.98,-9.70
44465,0.06,-0.19,-2.00,-9.60
44494,0.00,-0.18,-1.99,-9.65
44528,-0.12,-0.15,-1.97,-9.76
44560,-0.06,-0.19,-2.00,-9.60
44591,-0.06,-0.21,-2.00,-9.64
44623,0.00,-0.16,-1.98,-9.72
44654,0.00,-0.18,-2.01,-9.61
44686,-0.06,-0.20,-2.00,-9.69
44720,0.06,-0.16,-1.97,-9.65
44749,0.06,-0.18,-1.99,-9.63
44781,0.06,-0.21,-1.99,-9.72
44813,-0.06,-0.16,-2.00,-9.65
44844,-0.06,-0.21,-1.98,-9.63
44876,-0.06,-0.19,-1.99,-9.73
44909,0.00,-0.20,-1.97,-9.64
44939,-0.06,-0.18,-2.01,-9.67
44973,0.06,-0.18,-1.99,-9.73
45003,0.06,-0.20,-1.97,-9.62
45035,-0.06,-0.19,-1.99,-9.65
45067,0.00,-0.20,-2.00,-9.60
45097,-0.06,-0.14,-2.00,-9.64
45131,0.00,-0.20,-1.99,-9.73
45162,-0.06,-0.18,-1.99,-9.62
45193,0.06,-0.21,-1.99,-9.66
45224,0.00,-0.20,-2.02,-9.71
45255,0.12,-0.18,-1.97,-9.61
45287,0.06,-0.18,-2.00,-9.72
45320,-0.06,-0.20,-1.99,-9.63
45350,0.00,-0.18,-1.99,-9.63
45382,0.12,-0.17,-1.99,-9.72
45414,0.19,-0.18,-1.99,-9.66
45443,0.06,-0.20,-2.00,-9.63
45475,-0.12,-0.18,-2.00,-9.73
45508,-0.06,-0.19,-2.00,-9.63
45540,-0.06,-0.17,-2.01,-9.70
45574,-0.12,-0.19,-1.99,-9.64
45604,0.06,-0.17,-1.98,-9.62
45636,0.00,-0.19,-1.99,-9.66
45667,0.00,-0.21,-1.98,-9.65
45697,0.00,-0.19,-1.98,-9.62
45730,0.12,-0.20,-1.99,-9.73
45761,0.06,-0.18,-2.00,-9.61
45791,-0.06,-0.17,-2.00,-9.66
45825,0.00,-0.20,-2.00,-9.78
45854,0.00,-0.16,-2.01,-9.60
45886,0.12,-0.19,-1.98,-9.67
45918,0.06,-0.16,-1.99,-9.57
45947,-0.12,-0.16,-1.98,-9.67
45981,0.06,-0.19,-2.00,-9.75
46013,0.06,-0.16,-1.98,-9.62
46043,0.06,-0.16,-2.01,-9.65
46074,-0.06,-0.19,-2.01,-9.77
46106,0.00,-0.19,-1.97,-9.60
46138,0.00,-0.19,-1.97,-9.72
46170,-0.06,-0.19,-2.02,-9.60
46201,-0.06,-0.19,-2.00,-9.63
46234,0.06,-0.18,-1.99,-9.73
46265,0.00,-0.18,-1.98,-9.63
46295,0.00,-0.22,-1.99,-9.64
46327,0.12,-0.19,-1.99,-9.74
46358,0.00,-0.19,-1.99,-9.63
46390,0.00,-0.18,-1.98,-9.66
46422,0.00,-0.19,-2.00,-9.61
46452,-0.06,-0.20,-2.00,-9.63
46485,0.00,-0.16,-2.00,-9.65
46516,-0.06,-0.18,-1.99,-9.67
46546,0.06,-0.18,-2.01,-9.63
46579,0.00,-0.18,-1.99,-9.73
46611,-0.06,-0.16,-2.00,-9.63
46642,0.00,-0.16,-1.97,-9.69
46674,0.00,-0.20,-2.00,-9.64
46705,-0.06,-0.18,-2.01,-9.62
46737,-0.06,-0.18,-2.01,-9.69
46769,-0.06,-0.22,-1.98,-9.60
46801,0.00,-0.20,-2.00,-9.63
46833,0.00,-0.22,-1.98,-9.72
46865,0.00,-0.17,-1.98,-9.63
46895,0.06,-0.19,-2.00,-9.62
46926,-0.12,-0.17,-1.98,-9.71
46958,-0.19,-0.20,-2.01,-9.61
46991,-0.06,-0.20,-2.00,-9.68
47024,0.00,-0.17,-1.98,-9.62
47054,-0.06,-0.16,-1.98,-9.67
47087,0.06,-0.16,-1.98,-9.66
47118,-0.06,-0.17,-2.00,-9.66
47149,-0.06,-0.18,-1.99,-9.64
47182,0.00,-0.22,-1.99,-9.76
47214,0.00,-0.18,-2.00,-9.64
47244,-0.06,-0.20,-2.02,-9.70
47277,0.00,-0.20,-2.00,-9.71
47308,-0.06,-0.19,-1.98,-9.60
47340,0.06,-0.17,-2.00,-9.70
47372,-0.12,-0.16,-1.98,-9.67
47405,0.00,-0.19,-2.00,-9.64
47435,0.06,-0.17,-1.97,-9.71
47466,-0.06,-0.21,-2.01,-9.59
47497,-0.06,-0.16,-2.00,-9.66
47531,0.00,-0.19,-2.00,-9.72
47562,0.06,-0.18,-2.00,-9.60
47592,-0.06,-0.19,-1.99,-9.64
47626,0.00,-0.18,-1.99,-9.60
47656,-0.06,-0.17,-2.00,-9.62
47688,0.19,-0.18,-1.99,-9.69
47720,-0.06,-0.18,-2.01,-9.64
47751,-0.12,-0.20,-1.98,-9.65
47785,0.06,-0.18,-2.01,-9.75
47816,-0.06,-0.19,-1.99,-9.62
47847,0.00,-0.19,-2.00,-9.59
47879,-0.12,-0.18,-1.99,-9.72
47911,0.00,-0.19,-1.99,-9.65
47942,0.00,-0.15,-2.00,-9.63
47975,0.00,-0.20,-1.99,-9.68
48005,0.06,-0.19,-2.00,-9.64
48037,0.00,-0.15,-1.98,-9.71
48067,0.00,-0.18,-1.98,-9.69
48097,0.06,-0.16,-2.00,-9.63
48130,-0.12,-0.16,-1.99,-9.72
48161,0.06,-0.22,-2.00,-9.62
48193,-0.19,-0.19,-1.97,-9.71
48226,-0.12,-0.17,-1.98,-9.66
48258,0.00,-0.21,-2.01,-9.60
48288,0.12,-0.19,-1.97,-9.67
48320,0.06,-0.16,-1.98,-9.60
48350,0.06,-0.17,-1.98,-9.61
48382,0.00,-0.20,-1.99,-9.76
48414,-0.19,-0.19,-2.01,-9.59
48445,0.06,-0.19,-1.99,-9.67
48478,-0.12,-0.17,-1.99,-9.61
48508,0.00,-0.21,-1.99,-9.62
48540,-0.06,-0.21,-2.01,-9.69
48573,0.06,-0.18,-2.00,-9.61
48604,0.00,-0.17,-2.01,-9.61
48635,0.06,-0.18,-2.00,-9.74
48667,0.00,-0.18,-1.98,-9.60
48697,-0.12,-0.21,-1.98,-9.71
48730,-0.19,-0.19,-2.01,-9.76
48761,-0.19,-0.17,-2.01,-9.62
48794,-0.12,-0.20,-1.98,-9.63
48827,-0.12,-0.22,-2.01,-9.64
48859,-0.06,-0.16,-2.00,-9.63
48890,0.06,-0.14,-1.98,-9.66
48922,0.00,-0.16,-2.00,-9.66
48952,0.06,-0.22,-1.99,-9.63
48986,0.00,-0.22,-2.01,-9.74
49016,-0.06,-0.19,-1.99,-9.60
49047,0.00,-0.18,-1.97,-9.63
49079,0.06,-0.19,-2.01,-9.73
49110,0.00,-0.16,-1.98,-9.62
49141,0.12,-0.17,-1.97,-9.72
49172,0.00,-0.20,-2.00,-9.61
49203,0.00,-0.16,-1.99,-9.63
49235,-0.06,-0.21,-2.00,-9.74
49268,0.00,-0.21,-1.99,-9.63
49298,0.00,-0.17,-2.01,-9.67
49330,0.06,-0.20,-2.01,-9.74
49360,-0.12,-0.20,-1.99,-9.61
49393,0.00,-0.21,-2.00,-9.69
49425,-0.12,-0.21,-2.01,-9.60
49457,-0.06,-0.17,-1.99,-9.63
49489,0.00,-0.20,-1.98,-9.73
49520,0.06,-0.17,-2.00,-9.64
49550,0.00,-0.20,-1.98,-9.64
49583,-0.06,-0.18,-1.97,-9.74
49615,0.06,-0.17,-2.00,-9.57
49645,0.00,-0.18,-1.99,-9.67
49678,-0.06,-0.19,-2.02,-9.66
49710,0.06,-0.18,-2.00,-9.59
49740,-0.19,-0.17,-1.97,-9.64
49773,0.12,-0.18,-2.01,-9.67
49803,-0.12,-0.18,-1.99,-9.64
49838,-0.06,-0.15,-1.98,-9.74
49869,0.19,-0.18,-2.01,-9.62
49899,0.00,-0.18,-2.01,-9.64
49931,-0.06,-0.19,-1.99,-9.72
49963,0.12,-0.18,-2.01,-9.62
49994,-0.06,-0.21,-2.00,-9.72
50027,0.06,-0.16,-1.98,-9.61
50058,0.00,-0.18,-2.00,-9.67
50089,-0.06,-0.17,-1.99,-9.72
50121,-0.19,-0.18,-2.01,-9.60
50152,-0.06,-0.19,-1.97,-9.62
50187,-0.06,-0.19,-1.97,-9.74
50219,0.00,-0.17,-1.97,-9.62
50248,-0.12,-0.19,-1.97,-9.70
50281,-0.06,-0.19,-1.99,-9.74
50314,0.00,-0.19,-2.00,-9.63
50345,0.00,-0.18,-1.98,-9.65
50377,0.06,-0.19,-2.00,-9.67
50407,0.06,-0.20,-1.99,-9.66
50439,-0.06,-0.17,-2.01,-9.73
50471,0.12,-0.18,-1.99,-9.59
50501,0.06,-0.20,-2.01,-9.63
50533,-0.06,-0.18,-1.99,-9.73
50565,-0.06,-0.18,-2.00,-9.65
50597,-0.06,-0.21,-2.00,-9.65
50630,-0.06,-0.17,-2.01,-9.69
50662,-0.06,-0.18,-1.98,-9.62
50695,0.00,-0.18,-2.00,-9.69
50725,0.06,-0.16,-2.00,-9.64
50755,0.00,-0.20,-1.99,-9.63
50789,-0.06,-0.19,-1.97,-9.72
50821,-0.06,-0.17,-1.99,-9.60
50851,0.06,-0.18,-1.97,-9.62
50883,-0.19,-0.19,-1.98,-9.70
50916,-0.19,-0.20,-2.00,-9.62
50948,0.19,-0.18,-1.99,-9.69
50980,-0.12,-0.20,-1.98,-9.65
51012,-0.06,-0.17,-1.99,-9.61
51044,-0.12,-0.21,-2.00,-9.66
51076,0.12,-0.18,-1.99,-9.66
51106,0.00,-0.17,-1.99,-9.64
51139,-0.06,-0.19,-2.01,-9.72
51172,-0.06,-0.19,-1.99,-9.64
51202,-0.06,-0.20,-2.00,-9.65
51235,-0.06,-0.18,-1.98,-9.71
51267,-0.06,-0.19,-1.99,-9.64
51299,-0.06,-0.17,-2.00,-9.64
51333,0.00,-0.19,-1.99,-9.62
51362,-0.06,-0.17,-1.97,-9.61
51395,0.06,-0.20,-1.98,-9.69
51427,-0.06,-0.19,-2.00,-9.62
51458,-0.06,-0.19,-2.02,-9.64
51491,0.00,-0.18,-2.00,-9.73
51522,-0.12,-0.17,-1.99,-9.58
51553,0.00,-0.20,-1.99,-9.62
51586,0.06,-0.20,-1.99,-9.71
51616,-0.06,-0.18,-1.98,-9.60
51649,0.00,-0.17,-2.00,-9.68
51681,0.00,-0.21,-2.01,-9.66
51713,0.06,-0.17,-2.00,-9.64
51743,-0.12,-0.18,-2.00,-9.66
51775,-0.06,-0.22,-1.97,-9.66
51806,-0.12,-0.19,-1.99,-9.64
51840,0.00,-0.20,-1.98,-9.73
51871,-0.06,-0.18,-1.99,-9.61
51902,0.00,-0.18,-1.98,-9.67
51934,-0.06,-0.19,-1.99,-9.75
51965,0.06,-0.18,-2.00,-9.58
51997,0.00,-0.19,-2.00,-9.62
52029,0.00,-0.17,-1.98,-9.60
52060,0.00,-0.17,-1.99,-9.64
52091,0.06,-0.18,-2.00,-9.74
52123,0.00,-0.17,-2.00,-9.62
52153,0.00,-0.20,-2.00,-9.64
52185,-0.12,-0.16,-1.98,-9.75
52216,0.06,-0.21,-1.99,-9.65
52248,0.00,-0.18,-1.98,-9.70
52280,-0.12,-0.17,-1.99,-9.61
52313,-0.12,-0.20,-1.99,-9.65
52344,-0.06,-0.17,-2.01,-9.71
52376,0.00,-0.20,-2.00,-9.65
52406,0.00,-0.18,-1.99,-9.64
52439,-0.12,-0.20,-1.97,-9.72
52471,0.00,-0.20,-1.99,-9.64
52501,-0.06,-0.18,-2.00,-9.68
52535,-0.12,-0.17,-2.00,-9.72
52566,0.00,-0.18,-1.99,-9.57
52597,0.00,-0.19,-1.97,-9.66
52629,-0.06,-0.18,-1.99,-9.70
52661,0.00,-0.20,-2.00,-9.65
52692,-0.19,-0.19,-1.97,-9.73
52724,-0.12,-0.21,-1.99,-9.58
52755,-0.06,-0.17,-2.02,-9.63
52789,-0.06,-0.20,-2.00,-9.73
52822,-0.12,-0.19,-1.99,-9.60
52852,0.00,-0.16,-2.00,-9.69
52885,-0.12,-0.18,-2.02,-9.73
52917,0.00,-0.15,-1.98,-9.60
52947,-0.06,-0.17,-1.99,-9.67
52981,0.00,-0.18,-1.99,-9.63
53012,0.00,-0.19,-1.99,-9.64
53044,0.06,-0.18,-2.00,-9.73
53074,-0.06,-0.20,-2.00,-9.62
53105,0.06,-0.16,-2.00,-9.63
53137,-0.06,-0.19,-2.01,-9.73
53169,0.00,-0.18,-1.97,-9.61
53200,0.06,-0.19,-2.00,-9.68
53232,0.00,-0.19,-2.00,-9.61
53263,0.00,-0.19,-1.98,-9.63
53296,0.00,-0.19,-1.99,-9.74
53326,-0.06,-0.18,-1.99,-9.59
53356,-0.06,-0.16,-2.00,-9.61
53390,0.00,-0.21,-2.00,-9.76
53422,0.06,-0.18,-1.99,-9.59
53451,-0.12,-0.20,-2.00,-9.69
53486,0.00,-0.18,-2.00,-9.69
53516,0.00,-0.16,-1.97,-9.61
53547,0.06,-0.20,-1.98,-9.73
53578,0.06,-0.18,-1.97,-9.61
53608,-0.06,-0.17,-2.01,-9.63
53643,0.06,-0.15,-1.99,-9.72
53673,0.06,-0.17,-2.02,-9.62
53703,-0.06,-0.19,-2.00,-9.69
53737,0.00,-0.18,-1.99,-9.72
53767,0.06,-0.17,-1.99,-9.61
53798,0.00,-0.19,-1.99,-9.69
53830,-0.06,-0.15,-1.99,-9.62
53861,-0.06,-0.22,-2.00,-9.62
53895,-0.06,-0.17,-2.00,-9.74
53927,-0.06,-0.18,-1.99,-9.66
53957,0.00,-0.21,-1.99,-9.61
53990,0.06,-0.17,-1.99,-9.70
54022,0.06,-0.14,-1.98,-9.60
54052,-0.06,-0.22,-2.02,-9.70
54085,-0.06,-0.19,-1.98,-9.69
54117,0.06,-0.14,-2.00,-9.64
54149,-0.12,-0.15,-1.99,-9.65
54180,-0.06,-0.17,-1.98,-9.63
54212,0.00,-0.19,-2.00,-9.60
54245,0.00,-0.15,-2.01,-9.71
54276,0.12,-0.21,-2.01,-9.63
54305,-0.06,-0.20,-1.98,-9.65
54338,0.00,-0.21,-2.01,-9.76
54369,-0.06,-0.15,-1.99,-9.63
54403,0.00,-0.20,-2.01,-9.71
54433,-0.06,-0.18,-2.01,-9.60
54466,-0.19,-0.17,-2.00,-9.65
54498,0.00,-0.19,-2.00,-9.69
54529,0.00,-0.19,-1.99,-9.65
54558,0.06,-0.20,-2.01,-9.63
54591,0.00,-0.15,-2.02,-9.69
54623,0.00,-0.23,-1.98,-9.61
54653,0.00,-0.19,-2.01,-9.69
54685,-0.06,-0.21,-1.99,-9.64
54718,-0.06,-0.16,-2.00,-9.66
54749,-0.06,-0.20,-2.01,-9.65
54781,0.00,-0.22,-1.99,-9.72
54811,-0.06,-0.19,-1.98,-9.64
54845,0.00,-0.20,-1.97,-9.69
54877,-0.12,-0.18,-1.99,-9.63
54907,-0.06,-0.22,-2.00,-9.63
54940,0.06,-0.16,-2.01,-9.74
54972,-0.06,-0.21,-1.97,-9.60
55004,-0.06,-0.19,-2.03,-9.67
55037,0.12,-0.20,-2.00,-9.60
55067,0.00,-0.19,-2.00,-9.63
55099,-0.06,-0.20,-1.99,-9.69
55131,0.00,-0.20,-1.98,-9.60
55161,0.06,-0.18,-2.00,-9.63
55194,0.00,-0.20,-1.97,-9.73
55225,0.06,-0.17,-2.01,-9.60
55255,0.00,-0.18,-2.00,-9.71
55287,0.00,-0.20,-2.01,-9.60
55318,0.06,-0.18,-2.01,-9.65
55350,-0.12,-0.20,-1.97,-9.70
55382,0.12,-0.21,-1.98,-9.64
55411,0.00,-0.19,-1.98,-9.60
55445,-0.12,-0.17,-2.02,-9.69
55477,0.00,-0.20,-1.99,-9.61
55506,0.12,-0.21,-2.00,-9.68
55539,-0.12,-0.18,-2.02,-9.72
55570,0.00,-0.20,-2.01,-9.58
55602,0.06,-0.19,-2.01,-9.65
55633,0.00,-0.15,-2.01,-9.66
55663,-0.12,-0.19,-2.00,-9.63
55697,-0.06,-0.23,-2.01,-9.77
55730,0.00,-0.21,-2.01,-9.60
55759,0.00,-0.17,-2.01,-9.65
55791,0.00,-0.17,-2.00,-9.74
55822,0.06,-0.20,-1.99,-9.58
55854,0.00,-0.16,-1.97,-9.67
55885,-0.12,-0.20,-2.00,-9.57
55918,0.00,-0.21,-2.00,-9.60
55949,0.06,-0.19,-2.00,-9.73
55980,0.00,-0.19,-2.00,-9.62
56009,0.06,-0.17,-1.98,-9.61
56042,-0.12,-0.20,-1.98,-9.74
56074,0.00,-0.17,-2.00,-9.60
56105,-0.06,-0.20,-2.02,-9.68
56138,0.06,-0.21,-1.98,-9.61
56169,0.12,-0.21,-1.98,-9.65
56201,0.00,-0.18,-2.02,-9.67
56231,0.00,-0.18,-1.96,-9.65
56261,-0.06,-0.21,-1.98,-9.61
56295,-0.06,-0.21,-1.97,-9.72
56328,-0.06,-0.21,-2.01,-9.62
56358,0.00,-0.19,-1.99,-9.71
56390,0.06,-0.21,-2.01,-9.71
56421,-0.06,-0.16,-2.01,-9.64
56454,-0.06,-0.20,-2.00,-9.67
56486,0.00,-0.19,-2.01,-9.68
56517,0.00,-0.21,-2.00,-9.65
56549,0.06,-0.21,-1.99,-9.77
56581,-0.06,-0.16,-1.96,-9.62
56610,0.00,-0.22,-1.98,-9.65
56643,-0.12,-0.18,-2.00,-9.75
56675,-0.19,-0.19,-1.97,-9.60
56707,0.00,-0.22,-1.99,-9.64
56739,0.00,-0.19,-2.00,-9.60
56770,-0.12,-0.16,-2.00,-9.66
56802,-0.12,-0.20,-2.01,-9.70
56835,-0.06,-0.21,-2.00,-9.63
56865,0.00,-0.19,-2.00,-9.61
56899,0.12,-0.20,-1.99,-9.72
56930,0.06,-0.19,-1.98,-9.60
56960,0.12,-0.20,-1.98,-9.66
56991,0.06,-0.19,-2.01,-9.74
57022,0.12,-0.19,-2.00,-9.63
57054,-0.06,-0.19,-1.97,-9.65
57086,0.19,-0.22,-2.02,-9.62
57117,0.19,-0.20,-1.99,-9.60
57149,0.12,-0.20,-1.99,-9.71
57181,0.19,-0.20,-1.99,-9.65
57209,-0.06,-0.22,-2.00,-9.66
57243,0.00,-0.18,-1.99,-9.71
57274,0.19,-0.20,-1.99,-9.62
57306,0.00,-0.14,-1.97,-9.64
57337,0.06,-0.18,-2.01,-9.66
57367,0.06,-0.22,-2.01,-9.64
57400,-0.06,-0.23,-1.97,-9.73
57432,0.06,-0.17,-1.97,-9.60
57461,0.06,-0.16,-1.98,-9.67
57494,0.06,-0.20,-1.99,-9.73
57525,0.00,-0.17,-2.00,-9.60
57556,0.06,-0.20,-1.96,-9.71
57588,0.12,-0.19,-2.00,-9.60
57618,0.06,-0.16,-2.01,-9.64
57651,0.12,-0.20,-2.00,-9.77
57681,0.00,-0.18,-2.00,-9.60
57711,0.06,-0.20,-1.99,-9.63
57743,-0.06,-0.17,-1.98,-9.74
57775,-0.06,-0.21,-1.99,-9.62
57807,0.06,-0.21,-2.00,-9.70
57840,0.00,-0.17,-2.00,-9.64
57870,-0.06,-0.21,-1.98,-9.65
57903,-0.06,-0.18,-1.99,-9.68
57934,0.00,-0.18,-2.00,-9.60
57965,0.00,-0.20,-2.00,-9.58
57998,0.06,-0.20,-2.01,-9.71
58030,0.00,-0.18,-2.00,-9.59
58059,0.00,-0.18,-2.00,-9.71
58091,-0.06,-0.21,-1.98,-9.67
58124,0.06,-0.20,-2.02,-9.61
58155,-0.06,-0.19,-1.99,-9.67
58186,0.00,-0.20,-2.01,-9.66
58216,0.00,-0.17,-1.98,-9.63
58250,0.00,-0.18,-1.99,-9.73
58280,0.06,-0.20,-2.00,-9.61
58311,0.06,-0.21,-2.01,-9.65
58343,-0.06,-0.20,-2.00,-9.67
58374,-0.12,-0.17,-1.99,-9.62
58407,-0.06,-0.18,-2.00,-9.70
58440,-0.06,-0.21,-1.99,-9.60
58471,-0.06,-0.21,-1.99,-9.63
58505,0.06,-0.16,-2.00,-9.71
58534,0.00,-0.19,-1.99,-9.65
58565,0.06,-0.19,-1.96,-9.63
58597,-0.06,-0.20,-2.01,-9.75
58631,-0.12,-0.19,-1.98,-9.63
58661,0.00,-0.22,-2.01,-9.69
58693,0.00,-0.20,-1.97,-9.61
58724,-0.06,-0.19,-2.00,-9.60
58757,0.00,-0.20,-2.00,-9.69
58787,0.06,-0.19,-2.01,-9.66
58818,-0.06,-0.20,-2.00,-9.61
58852,0.00,-0.21,-2.01,-9.72
58883,0.00,-0.18,-1.97,-9.60
58912,0.00,-0.19,-2.00,-9.67
58945,0.00,-0.21,-1.99,-9.73
58976,-0.06,-0.21,-1.99,-9.61
59009,-0.12,-0.15,-2.01,-9.69
59041,-0.06,-0.21,-1.99,-9.60
59073,-0.12,-0.20,-1.99,-9.63
59105,0.00,-0.17,-2.01,-9.69
59136,0.00,-0.19,-1.98,-9.65
59165,-0.06,-0.21,-2.01,-9.62
59200,0.06,-0.21,-1.98,-9.75
59232,0.00,-0.18,-1.97,-9.60
59260,-0.06,-0.20,-2.00,-9.70
59294,0.00,-0.19,-2.00,-9.61
59325,-0.12,-0.17,-1.97,-9.60
59358,0.12,-0.21,-1.99,-9.68
59388,0.00,-0.18,-2.01,-9.62
59418,0.06,-0.21,-1.98,-9.62
59452,0.06,-0.19,-2.01,-9.71
59483,-0.12,-0.21,-1.99,-9.63
59513,0.00,-0.19,-2.01,-9.68
59546,0.00,-0.20,-2.00,-9.71
59577,0.00,-0.21,-1.98,-9.62
59608,-0.12,-0.21,-1.99,-9.65
59640,0.00,-0.18,-2.00,-9.64
59671,0.06,-0.17,-2.01,-9.63
59704,0.00,-0.21,-1.98,-9.72
59735,0.12,-0.19,-1.99,-9.60
59764,-0.06,-0.17,-1.98,-9.62
59797,0.06,-0.20,-1.98,-9.73
59829,-0.19,-0.19,-2.00,-9.60
59860,-0.19,-0.20,-2.00,-9.66
59893,0.00,-0.21,-2.00,-9.61
59925,0.00,-0.22,-2.00,-9.64
59956,0.00,-0.18,-2.00,-9.71
59986,0.00,-0.19,-1.99,-9.62
60016,0.06,-0.18,-1.99,-9.62
60049,0.00,-0.20,-2.00,-9.75
60080,0.00,-0.21,-1.97,-9.60
60111,-0.06,-0.18,-1.98,-9.69
60144,-0.06,-0.20,-2.00,-9.64
60176,-0.06,-0.18,-2.03,-9.60
60208,0.06,-0.18,-2.00,-9.68
60239,-0.06,-0.20,-1.98,-9.65
60270,0.12,-0.21,-2.00,-9.63
60304,0.00,-0.21,-1.99,-9.72
60335,-0.06,-0.18,-1.98,-9.63
60365,0.00,-0.20,-2.00,-9.67
60397,0.06,-0.18,-2.00,-9.70
60429,0.00,-0.17,-1.99,-9.61
60460,0.00,-0.19,-1.99,-9.68
60491,-0.06,-0.18,-2.00,-9.65
60523,0.00,-0.19,-2.00,-9.66
60555,-0.06,-0.16,-1.99,-9.73
60588,-0.06,-0.21,-1.97,-9.59
60617,0.12,-0.20,-2.01,-9.65
60650,-0.06,-0.19,-2.00,-9.73
60683,0.00,-0.21,-2.00,-9.60
60713,0.06,-0.19,-2.02,-9.69
60745,-0.19,-0.21,-1.97,-9.62
60777,0.06,-0.18,-1.99,-9.60
60809,-0.06,-0.20,-1.99,-9.70
60840,0.00,-0.19,-2.00,-9.60
60870,-0.06,-0.18,-1.99,-9.65
60904,0.00,-0.20,-1.95,-9.69
60936,0.06,-0.19,-1.99,-9.64
60965,0.12,-0.19,-2.01,-9.71
60998,0.00,-0.19,-2.02,-9.73
61029,0.00,-0.20,-2.00,-9.65
61060,0.00,-0.22,-1.99,-9.70
61091,-0.06,-0.19,-1.99,-9.64
61123,-0.06,-0.20,-1.99,-9.62
61157,-0.12,-0.22,-2.02,-9.74
61189,-0.06,-0.20,-1.98,-9.68
61219,0.00,-0.18,-2.01,-9.65
61251,0.00,-0.20,-2.00,-9.73
61283,0.06,-0.21,-2.00,-9.65
61314,-0.06,-0.21,-2.01,-9.67
61346,0.00,-0.21,-1.97,-9.67
61377,0.00,-0.18,-1.98,-9.64
61409,0.06,-0.20,-2.00,-9.64
61440,0.06,-0.20,-2.02,-9.60
61469,0.06,-0.20,-1.99,-9.64
61502,0.00,-0.19,-1.98,-9.73
61534,0.00,-0.20,-2.01,-9.60
61564,0.00,-0.17,-1.98,-9.65
61596,0.00,-0.20,-2.01,-9.62
61628,0.00,-0.20,-1.98,-9.64
61659,0.12,-0.16,-2.01,-9.73
61689,0.00,-0.17,-1.99,-9.60
61719,0.00,-0.19,-1.98,-9.63
61752,0.00,-0.20,-1.99,-9.74
61783,0.06,-0.17,-1.98,-9.63
61814,0.06,-0.20,-1.99,-9.69
61846,0.06,-0.21,-1.98,-9.62
61877,-0.06,-0.19,-2.01,-9.65
61910,-0.06,-0.19,-1.99,-9.71
61940,-0.06,-0.19,-2.00,-9.67
61972,0.00,-0.15,-1.99,-9.63
62005,-0.06,-0.18,-2.00,-9.73
62036,0.00,-0.18,-1.99,-9.61
62067,-0.06,-0.20,-2.00,-9.70
62100,-0.06,-0.18,-2.01,-9.70
62132,0.00,-0.19,-2.00,-9.64
62163,-0.06,-0.19,-1.99,-9.64
62196,0.00,-0.17,-2.00,-9.68
62227,0.00,-0.20,-2.00,-9.63
62259,0.12,-0.19,-1.98,-9.73
62289,0.06,-0.19,-1.98,-9.61
62319,0.00,-0.19,-2.01,-9.67
62351,-0.06,-0.18,-2.03,-9.73
62384,-0.06,-0.20,-1.97,-9.60
62415,0.00,-0.18,-2.01,-9.64
62448,-0.06,-0.17,-1.99,-9.61
62480,-0.06,-0.20,-1.99,-9.59
62512,0.06,-0.19,-2.01,-9.68
62543,-0.06,-0.21,-1.99,-9.64
62574,0.12,-0.19,-2.00,-9.63
62607,-0.19,-0.20,-1.99,-9.73
62640,0.06,-0.19,-2.00,-9.61
62669,0.06,-0.19,-2.00,-9.63
62701,0.06,-0.19,-2.01,-9.71
62732,0.00,-0.21,-2.00,-9.60
62764,-0.06,-0.18,-1.99,-9.69
62796,0.00,-0.18,-2.00,-9.62
62827,0.12,-0.22,-1.98,-9.65
62859,0.00,-0.21,-2.01,-9.70
62889,0.00,-0.19,-2.00,-9.60
62919,0.00,-0.18,-2.01,-9.65
62952,0.00,-0.18,-2.01,-9.75
62983,-0.06,-0.19,-2.00,-9.63
63015,0.00,-0.19,-1.99,-9.71
63047,0.00,-0.21,-1.99,-9.66
63077,0.00,-0.18,-2.01,-9.64
63110,0.12,-0.16,-2.01,-9.75
63140,-0.06,-0.20,-2.00,-9.63
63171,-0.06,-0.17,-2.00,-9.61
63204,0.00,-0.17,-1.97,-9.75
63236,0.06,-0.18,-2.01,-9.62
63266,0.06,-0.18,-1.98,-9.65
63299,0.00,-0.18,-1.99,-9.60
63330,0.00,-0.18,-2.01,-9.63
63362,0.00,-0.19,-2.00,-9.71
63392,0.12,-0.19,-2.02,-9.63
63421,0.00,-0.19,-1.99,-9.61
63454,0.00,-0.19,-2.01,-9.74
63484,0.06,-0.20,-1.97,-9.57
63516,0.12,-0.18,-2.00,-9.67
63548,-0.06,-0.22,-2.01,-9.60
63580,0.06,-0.20,-2.00,-9.65
63611,-0.19,-0.17,-1.97,-9.71
63643,-0.06,-0.22,-2.00,-9.66
63674,0.00,-0.17,-1.98,-9.61
63708,-0.19,-0.18,-1.98,-9.71
63739,0.00,-0.20,-2.00,-9.63
63769,0.00,-0.20,-1.99,-9.70
63802,0.00,-0.20,-2.01,-9.63
63833,0.00,-0.20,-1.97,-9.64
63863,-0.06,-0.21,-2.00,-9.66
63896,-0.06,-0.16,-2.01,-9.68
63928,-0.06,-0.21,-2.00,-9.65
63961,-0.06,-0.18,-1.99,-9.73
63992,0.00,-0.16,-1.98,-9.61
64022,0.00,-0.18,-1.98,-9.61
64055,0.06,-0.20,-2.03,-9.73
64086,0.00,-0.20,-1.98,-9.59
64117,-0.06,-0.19,-2.01,-9.66
64150,0.00,-0.21,-1.99,-9.62
64181,-0.06,-0.21,-1.99,-9.65
64214,0.00,-0.22,-1.98,-9.69
64244,-0.06,-0.19,-2.00,-9.62
64275,0.00,-0.18,-2.01,-9.61
64308,-0.12,-0.19,-2.00,-9.72
64340,0.06,-0.19,-2.01,-9.61
64370,-0.06,-0.19,-2.00,-9.71
64403,0.00,-0.16,-2.00,-9.71
64435,0.00,-0.19,-2.00,-9.60
64466,0.00,-0.17,-1.99,-9.66
64497,0.12,-0.19,-2.01,-9.66
64527,0.19,-0.18,-2.02,-9.63
64561,0.00,-0.19,-1.98,-9.76
64591,0.12,-0.20,-2.00,-9.63
64621,0.06,-0.18,-2.00,-9.70
64654,0.00,-0.18,-1.98,-9.71
64684,0.06,-0.21,-1.99,-9.62
64715,0.00,-0.18,-1.98,-9.69
64746,0.00,-0.20,-1.99,-9.68
64777,-0.06,-0.20,-1.99,-9.65
64811,0.00,-0.17,-1.98,-9.72
64842,-0.06,-0.22,-2.03,-9.59
64873,0.06,-0.18,-1.98,-9.59
64905,0.00,-0.19,-2.01,-9.75
64935,0.00,-0.18,-2.00,-9.59
64967,0.00,-0.17,-2.00,-9.65
64999,-0.06,-0.18,-2.01,-9.62
65031,-0.06,-0.21,-2.00,-9.62
65063,0.00,-0.16,-2.00,-9.73
65094,0.00,-0.19,-2.01,-9.62
65124,0.00,-0.21,-1.99,-9.63
65157,0.00,-0.18,-2.01,-9.71
65187,0.06,-0.19,-1.97,-9.62
65219,-0.06,-0.19,-2.01,-9.71
65252,-0.12,-0.19,-2.00,-9.64
65284,-0.06,-0.19,-1.98,-9.62
65315,0.00,-0.22,-2.00,-9.67
65347,-0.06,-0.17,-1.99,-9.65
65378,-0.06,-0.18,-1.99,-9.63
65412,0.00,-0.20,-2.00,-9.73
65443,-0.06,-0.18,-2.00,-9.60
65474,0.06,-0.21,-1.99,-9.63
65506,-0.12,-0.19,-2.01,-9.74
65538,0.00,-0.17,-2.01,-9.62
65569,-0.06,-0.18,-2.00,-9.67
65602,-0.06,-0.21,-2.01,-9.67
65635,-0.06,-0.21,-1.99,-9.65
65667,0.06,-0.18,-1.99,-9.72
65697,0.00,-0.20,-2.00,-9.59
65727,-0.06,-0.22,-1.99,-9.61
65762,-0.06,-0.19,-2.00,-9.74
65794,0.00,-0.19,-2.00,-9.62
65823,-0.12,-0.21,-1.98,-9.69
65856,0.06,-0.19,-1.97,-9.72
65887,0.00,-0.20,-2.02,-9.62
65918,0.06,-0.20,-2.02,-9.69
65950,-0.06,-0.18,-2.01,-9.61
65982,-0.06,-0.18,-1.99,-9.61
66016,0.06,-0.19,-2.02,-9.73
66046,0.06,-0.19,-2.01,-9.65
66075,0.00,-0.21,-2.01,-9.64
66108,0.00,-0.18,-2.00,-9.75
66139,0.00,-0.20,-1.98,-9.60
66170,0.00,-0.18,-2.00,-9.68
66202,-0.06,-0.17,-1.99,-9.65
66235,0.12,-0.19,-2.01,-9.64
66266,0.06,-0.20,-2.02,-9.74
66296,-0.06,-0.19,-2.00,-9.61
66327,0.00,-0.19,-2.00,-9.65
66360,-0.12,-0.20,-2.00,-9.75
66393,0.00,-0.19,-2.01,-9.62
66422,-0.06,-0.20,-2.00,-9.67
66456,-0.06,-0.20,-2.00,-9.67
66487,0.00,-0.18,-2.00,-9.61
66519,-0.06,-0.19,-2.01,-9.69
66551,0.12,-0.18,-2.00,-9.63
66581,0.00,-0.19,-2.00,-9.66
66614,0.06,-0.20,-2.00,-9.72
66646,0.00,-0.20,-2.00,-9.62
66675,-0.06,-0.18,-2.01,-9.70
66708,0.12,-0.19,-2.02,-9.73
66740,0.00,-0.21,-2.00,-9.63
66770,-0.06,-0.19,-1.99,-9.70
66803,0.00,-0.20,-2.00,-9.62
66835,0.00,-0.18,-1.99,-9.63
66866,0.00,-0.18,-2.01,-9.74
66897,0.00,-0.18,-1.98,-9.66
66927,0.06,-0.18,-2.00,-9.62
66959,0.06,-0.19,-1.96,-9.73
66990,0.00,-0.18,-2.01,-9.61
67021,-0.12,-0.20,-1.99,-9.65
67054,0.00,-0.19,-2.01,-9.63
67085,-0.06,-0.17,-2.01,-9.62
67118,-0.06,-0.19,-2.00,-9.65
67149,-0.06,-0.17,-2.00,-9.62
67180,0.00,-0.18,-1.97,-9.63
67214,-0.06,-0.17,-1.99,-9.71
67246,-0.06,-0.18,-1.97,-9.63
67276,-0.12,-0.20,-2.00,-9.62
67309,0.00,-0.18,-1.99,-9.73
67341,0.06,-0.20,-2.00,-9.60
67372,0.00,-0.21,-2.00,-9.68
67403,0.00,-0.21,-1.99,-9.60
67434,-0.12,-0.19,-1.98,-9.63
67467,0.00,-0.18,-1.99,-9.71
67497,0.00,-0.20,-2.00,-9.66
67527,0.00,-0.19,-2.02,-9.63
67560,0.06,-0.22,-2.00,-9.72
67591,-0.06,-0.20,-2.00,-9.59
67623,0.06,-0.18,-2.00,-9.67
67655,-0.06,-0.17,-1.96,-9.62
67687,0.06,-0.20,-2.01,-9.65
67719,0.06,-0.20,-2.01,-9.70
67749,0.00,-0.17,-1.97,-9.66
67779,0.00,-0.19,-2.02,-9.64
67812,0.06,-0.20,-2.01,-9.70
67844,-0.12,-0.18,-2.00,-9.61
67874,0.00,-0.18,-2.00,-9.67
67907,-0.06,-0.18,-2.00,-9.67
67939,0.06,-0.19,-1.99,-9.62
67970,0.00,-0.16,-2.01,-9.65
68000,-0.06,-0.20,-1.99,-9.62
68032,0.00,-0.19,-2.00,-9.65
68065,0.12,-0.19,-1.98,-9.76
68097,0.06,-0.18,-2.00,-9.64
68126,-0.06,-0.18,-1.98,-9.67
68159,0.06,-0.19,-2.01,-9.70
68190,-0.06,-0.18,-2.02,-9.62
68222,0.06,-0.20,-2.01,-9.70
68254,0.00,-0.19,-1.99,-9.62
68284,-0.12,-0.17,-2.01,-9.65
68318,-0.06,-0.19,-2.01,-9.73
68349,0.00,-0.17,-2.00,-9.62
68379,0.06,-0.18,-1.98,-9.61
68412,-0.12,-0.17,-1.98,-9.71
68445,-0.06,-0.19,-2.00,-9.64
68475,0.00,-0.18,-2.00,-9.66
68508,0.00,-0.20,-1.98,-9.62
68539,0.00,-0.19,-2.01,-9.63
68570,0.00,-0.18,-2.01,-9.66
68600,-0.12,-0.18,-1.97,-9.68
68632,0.00,-0.18,-2.01,-9.64
68665,-0.06,-0.18,-1.99,-9.75
68698,0.06,-0.19,-1.99,-9.58
68727,-0.12,-0.19,-2.01,-9.67
68760,0.12,-0.19,-1.99,-9.76
68791,0.00,-0.20,-2.01,-9.63
68823,0.06,-0.21,-1.99,-9.66
68853,0.00,-0.17,-2.01,-9.58
68884,-0.12,-0.21,-1.99,-9.67
68918,-0.06,-0.19,-2.00,-9.74
68950,0.00,-0.21,-2.00,-9.60
68980,-0.06,-0.16,-1.99,-9.63
69013,0.12,-0.19,-1.99,-9.71
69044,0.06,-0.18,-2.01,-9.62
69075,0.06,-0.19,-2.01,-9.71
69107,0.06,-0.18,-2.00,-9.60
69138,0.00,-0.20,-1.99,-9.60
69170,0.06,-0.19,-2.00,-9.72
69200,-0.12,-0.21,-2.00,-9.65
69231,-0.06,-0.21,-2.00,-9.61
69264,0.00,-0.18,-2.01,-9.71
69296,0.06,-0.19,-2.00,-9.65
69326,-0.06,-0.18,-1.99,-9.70
69360,0.06,-0.21,-1.98,-9.65
69391,0.00,-0.18,-1.98,-9.60
69422,0.06,-0.22,-2.01,-9.68
69452,0.00,-0.16,-1.98,-9.68
69483,-0.06,-0.19,-1.98,-9.62
69517,0.00,-0.22,-2.01,-9.73
69548,-0.06,-0.18,-1.99,-9.63
69578,0.06,-0.20,-1.99,-9.68
69611,-0.06,-0.17,-2.00,-9.74
69643,-0.12,-0.21,-1.97,-9.60
69676,-0.06,-0.20,-2.00,-9.66
69708,0.00,-0.19,-1.97,-9.60
69739,-0.06,-0.16,-2.00,-9.61
69772,0.06,-0.21,-2.00,-9.70
69803,-0.06,-0.16,-2.00,-9.61
69833,0.06,-0.17,-2.00,-9.64
69866,-0.06,-0.22,-2.01,-9.74
69899,-0.12,-0.21,-1.98,-9.61
69929,0.00,-0.18,-2.00,-9.69
69961,0.00,-0.20,-1.98,-9.72
69992,-0.06,-0.17,-1.99,-9.60
70025,-0.25,-0.21,-1.99,-9.68
70057,0.06,-0.18,-2.02,-9.67
70088,-0.06,-0.18,-1.98,-9.61
70121,-0.06,-0.18,-1.98,-9.73
70153,-0.06,-0.18,-1.98,-9.61
70183,-0.06,-0.19,-1.98,-9.65
70218,-0.06,-0.18,-2.00,-9.76
70250,0.00,-0.20,-1.97,-9.62
70280,0.00,-0.16,-2.01,-9.67
70312,0.00,-0.20,-1.98,-9.72
70343,0.06,-0.17,-2.01,-9.61
70374,0.00,-0.20,-2.01,-9.72
70405,0.06,-0.22,-2.00,-9.61
70435,-0.06,-0.17,-1.99,-9.65
70469,0.06,-0.21,-1.99,-9.71
70501,-0.06,-0.22,-1.99,-9.61
70532,-0.06,-0.17,-1.96,-9.60
70564,0.00,-0.18,-1.99,-9.71
70595,0.00,-0.20,-1.98,-9.64
70627,0.00,-0.20,-2.01,-9.71
70660,0.00,-0.19,-1.97,-9.64
70689,-0.06,-0.22,-1.99,-9.63
70722,-0.06,-0.20,-2.00,-9.73
70754,0.12,-0.20,-1.99,-9.65
70784,-0.12,-0.19,-2.00,-9.66
70817,-0.06,-0.21,-2.00,-9.74
70850,-0.06,-0.19,-2.00,-9.63
70881,0.00,-0.19,-1.96,-9.68
70914,0.00,-0.19,-2.01,-9.72
70944,0.12,-0.17,-2.01,-9.62
70975,-0.06,-0.19,-1.99,-9.66
71008,-0.06,-0.19,-2.01,-9.60
71040,0.06,-0.20,-1.99,-9.63
71071,0.00,-0.21,-1.98,-9.74
71103,-0.06,-0.18,-2.00,-9.62
71134,-0.06,-0.21,-2.00,-9.63
71166,0.06,-0.16,-2.01,-9.70
71197,0.00,-0.20,-1.99,-9.63
71229,0.00,-0.22,-2.01,-9.71
71262,0.00,-0.18,-1.99,-9.60
71291,0.06,-0.18,-1.98,-9.65
71323,-0.12,-0.19,-1.99,-9.75
71355,-0.06,-0.16,-2.01,-9.61
71386,-0.12,-0.20,-1.99,-9.60
71420,-0.06,-0.22,-1.99,-9.73
71452,-0.06,-0.17,-2.01,-9.59
71483,0.06,-0.18,-2.01,-9.62
71515,0.06,-0.20,-1.97,-9.70
71546,-0.06,-0.19,-2.00,-9.60
71578,0.12,-0.21,-1.99,-9.66
71610,-0.12,-0.20,-2.01,-9.67
71643,-0.06,-0.21,-1.99,-9.63
71674,0.00,-0.18,-1.98,-9.67
71705,0.06,-0.20,-2.01,-9.64
71736,-0.06,-0.21,-1.99,-9.62
71769,0.06,-0.19,-2.00,-9.74
71800,0.06,-0.22,-1.99,-9.60
71831,0.06,-0.21,-2.01,-9.66
71863,0.00,-0.19,-1.96,-9.61
71894,-0.06,-0.19,-1.99,-9.66
71925,0.06,-0.19,-1.99,-9.67
71957,0.06,-0.18,-1.98,-9.60
71987,-0.06,-0.18,-2.01,-9.59
72022,-0.06,-0.20,-1.99,-9.73
72053,0.06,-0.17,-2.00,-9.61
72083,0.00,-0.19,-2.00,-9.72
72116,0.00,-0.21,-2.01,-9.75
72146,0.06,-0.19,-1.97,-9.61
72177,-0.12,-0.18,-1.99,-9.70
72210,-0.06,-0.20,-1.99,-9.64
72243,0.00,-0.18,-2.00,-9.63
72274,0.00,-0.17,-2.02,-9.74
72305,0.00,-0.19,-2.00,-9.62
72335,-0.06,-0.19,-2.01,-9.62
72368,-0.06,-0.19,-2.01,-9.74
72400,0.00,-0.19,-1.98,-9.63
72431,-0.06,-0.18,-2.01,-9.70
72464,0.06,-0.20,-1.98,-9.68
72495,-0.06,-0.15,-1.99,-9.64
72527,0.00,-0.19,-2.00,-9.64
72558,-0.06,-0.18,-1.99,-9.60
72589,0.00,-0.18,-1.98,-9.64
72623,-0.06,-0.20,-1.99,-9.75
72654,0.00,-0.19,-2.01,-9.59
72684,0.00,-0.17,-1.99,-9.68
72717,0.00,-0.19,-1.98,-9.73
72748,0.00,-0.20,-2.01,-9.61
72778,0.00,-0.18,-2.01,-9.70
72810,0.00,-0.17,-2.00,-9.64
72840,0.00,-0.21,-1.99,-9.64
72872,-0.12,-0.19,-2.00,-9.72
72905,-0.06,-0.21,-1.99,-9.61
72936,0.06,-0.17,-1.99,-9.63
72968,0.06,-0.20,-2.01,-9.71
72998,0.00,-0.18,-2.01,-9.62
73030,0.06,-0.22,-2.02,-9.66
73062,0.00,-0.19,-1.97,-9.63
73092,0.06,-0.18,-1.99,-9.61
73124,-0.06,-0.22,-1.99,-9.73
73157,0.00,-0.21,-1.99,-9.68
73187,-0.12,-0.21,-2.00,-9.67
73220,-0.06,-0.21,-1.99,-9.75
73252,0.00,-0.17,-2.01,-9.62
73283,0.06,-0.18,-1.99,-9.70
73315,0.06,-0.19,-1.99,-9.66
73347,0.00,-0.18,-1.98,-9.64
73377,-0.06,-0.20,-2.01,-9.69
73409,-0.06,-0.21,-1.99,-9.63
73440,0.06,-0.17,-2.00,-9.64
73474,0.06,-0.20,-2.00,-9.74
73504,0.00,-0.19,-2.00,-9.61
73534,0.06,-0.18,-2.00,-9.64
73567,0.12,-0.19,-2.01,-9.58
73597,-0.06,-0.19,-2.00,-9.65
73629,-0.06,-0.20,-2.01,-9.67
73662,-0.12,-0.17,-1.96,-9.64
73694,-0.06,-0.19,-2.02,-9.60
73726,-0.06,-0.19,-2.00,-9.72
73758,0.00,-0.21,-1.98,-9.67
73788,0.06,-0.19,-2.01,-9.61
73821,-0.06,-0.17,-1.98,-9.71
73853,-0.06,-0.19,-1.97,-9.61
73884,-0.06,-0.18,-2.00,-9.68
73918,0.12,-0.18,-2.01,-9.73
73949,-0.12,-0.19,-1.98,-9.62
73980,0.00,-0.20,-2.01,-9.66
74012,0.06,-0.19,-1.99,-9.71
74043,-0.06,-0.19,-1.99,-9.65
74077,-0.06,-0.18,-1.98,-9.71
74108,-0.12,-0.19,-1.97,-9.59
74139,0.00,-0.19,-2.00,-9.64
74171,-0.06,-0.18,-2.00,-9.72
74204,-0.06,-0.19,-1.99,-9.58
74235,0.00,-0.18,-2.00,-9.66
74268,0.00,-0.21,-1.99,-9.63
74298,0.00,-0.17,-1.99,-9.64
74330,-0.06,-0.21,-1.98,-9.67
74361,0.00,-0.18,-1.98,-9.63
74392,0.00,-0.20,-2.02,-9.63
74425,0.06,-0.20,-2.01,-9.71
74456,0.12,-0.18,-1.99,-9.64
74485,0.00,-0.21,-1.98,-9.68
74518,0.06,-0.18,-2.01,-9.62
74549,0.06,-0.18,-2.00,-9.60
74579,-0.06,-0.18,-1.99,-9.69
74612,0.00,-0.19,-2.01,-9.67
74642,0.00,-0.20,-1.99,-9.63
74676,0.00,-0.17,-2.00,-9.70
74706,-0.06,-0.21,-2.00,-9.64
74737,0.06,-0.17,-2.01,-9.68
74770,0.00,-0.20,-2.00,-9.73
74800,0.06,-0.16,-2.01,-9.63
74831,-0.06,-0.16,-1.99,-9.66
74864,0.00,-0.21,-2.01,-9.68
74894,-0.06,-0.19,-1.99,-9.64
74928,-0.06,-0.19,-2.02,-9.77
74959,-0.06,-0.15,-2.00,-9.61
74990,0.00,-0.21,-1.99,-9.62
75023,0.00,-0.20,-1.98,-9.75
75055,0.00,-0.17,-2.00,-9.60
75085,0.00,-0.19,-2.00,-9.70
75117,0.06,-0.19,-2.01,-9.62
75149,0.00,-0.17,-1.98,-9.65
75180,-0.12,-0.19,-1.99,-9.74
75211,-0.06,-0.20,-2.00,-9.60
75242,0.00,-0.16,-1.99,-9.63
75275,0.00,-0.20,-2.00,-9.73
75307,-0.06,-0.22,-2.01,-9.59
75337,0.00,-0.18,-1.97,-9.70
75370,-0.06,-0.19,-1.97,-9.62
75401,0.06,-0.19,-1.98,-9.60
75432,0.00,-0.21,-2.00,-9.66
75464,-0.06,-0.18,-1.99,-9.67
75495,0.00,-0.20,-1.98,-9.62
75528,-0.06,-0.19,-2.00,-9.73
75560,-0.06,-0.17,-2.00,-9.59
75590,0.12,-0.20,-1.97,-9.62
75623,0.00,-0.19,-1.99,-9.73
75654,0.00,-0.18,-1.98,-9.59
75685,0.00,-0.17,-2.01,-9.68
75717,-0.06,-0.20,-2.01,-9.69
75750,-0.06,-0.20,-2.00,-9.64
75782,0.00,-0.18,-2.01,-9.71
75812,-0.06,-0.19,-1.98,-9.63
75843,-0.06,-0.21,-2.00,-9.64
75878,-0.06,-0.19,-2.01,-9.72
75910,-0.06,-0.18,-1.98,-9.63
75940,0.06,-0.20,-2.02,-9.61
75972,-0.06,-0.19,-2.01,-9.71
76005,-0.06,-0.20,-1.99,-9.60
76037,-0.06,-0.22,-1.99,-9.67
76070,0.00,-0.20,-2.01,-9.62
76100,-0.12,-0.19,-1.99,-9.60
76133,0.00,-0.20,-2.01,-9.65
76164,0.00,-0.18,-2.01,-9.70
76194,0.00,-0.19,-2.00,-9.62
76227,0.00,-0.18,-2.01,-9.74
76258,0.00,-0.19,-1.99,-9.60
76288,0.00,-0.20,-1.99,-9.67
76320,0.00,-0.20,-2.00,-9.68
76351,0.00,-0.19,-2.00,-9.62
76383,-0.12,-0.20,-2.00,-9.63
76414,0.06,-0.20,-2.00,-9.60
76444,-0.06,-0.22,-2.00,-9.63
76479,0.06,-0.20,-2.00,-9.73
76510,0.06,-0.18,-2.00,-9.62
76539,-0.06,-0.21,-2.01,-9.65
76572,0.00,-0.18,-2.02,-9.73
76603,0.00,-0.18,-1.98,-9.64
76635,0.19,-0.19,-1.99,-9.70
76666,-0.06,-0.19,-2.00,-9.59
76698,0.06,-0.21,-1.99,-9.64
76730,0.00,-0.19,-1.98,-9.73
76762,-0.06,-0.19,-2.00,-9.60
76792,-0.12,-0.18,-1.99,-9.63
76825,-0.06,-0.16,-1.98,-9.71
76858,0.06,-0.19,-1.98,-9.63
76889,0.06,-0.18,-2.00,-9.68
76920,-0.06,-0.19,-2.01,-9.62
76953,0.00,-0.18,-2.03,-9.62
76984,0.00,-0.19,-2.00,-9.65
77015,-0.12,-0.19,-1.99,-9.66
77045,0.12,-0.20,-2.00,-9.64
77079,0.06,-0.20,-2.00,-9.74
77110,-0.06,-0.18,-2.01,-9.59
77140,0.00,-0.19,-2.00,-9.66
77173,0.06,-0.19,-2.00,-9.74
77203,0.00,-0.18,-2.01,-9.60
77235,0.00,-0.19,-2.00,-9.66
77266,0.00,-0.20,-2.00,-9.60
77296,0.06,-0.19,-1.98,-9.64
77330,-0.12,-0.18,-2.01,-9.74
77362,0.00,-0.19,-2.00,-9.61
77391,-0.06,-0.20,-1.97,-9.68
77424,0.00,-0.19,-2.01,-9.75
77455,0.12,-0.18,-1.99,-9.61
77487,0.00,-0.18,-2.00,-9.71
77518,0.06,-0.18,-1.97,-9.59
77548,0.00,-0.19,-2.00,-9.62
77581,0.00,-0.17,-2.00,-9.72
77613,-0.06,-0.19,-2.01,-9.59
77643,0.00,-0.19,-2.01,-9.64
77675,0.00,-0.18,-2.00,-9.68
77706,0.06,-0.18,-2.01,-9.60
77737,-0.06,-0.18,-1.99,-9.68
77770,-0.06,-0.19,-2.01,-9.64
77802,-0.19,-0.20,-1.99,-9.61
77835,0.06,-0.18,-2.02,-9.67
77864,-0.06,-0.15,-2.01,-9.70
77896,0.00,-0.19,-1.99,-9.65
77929,-0.12,-0.16,-2.01,-9.72
77962,0.00,-0.18,-2.00,-9.62
77991,-0.06,-0.20,-1.99,-9.69
78024,0.06,-0.19,-2.01,-9.72
78055,0.06,-0.21,-2.01,-9.64
78087,-0.06,-0.17,-2.00,-9.68
78119,0.00,-0.19,-2.01,-9.61
78150,0.00,-0.20,-2.00,-9.66
78182,-0.12,-0.19,-1.99,-9.74
78215,0.06,-0.20,-2.01,-9.60
78244,-0.06,-0.18,-2.01,-9.64
78277,-0.06,-0.20,-1.98,-9.72
78310,-0.06,-0.17,-2.02,-9.63
78341,0.06,-0.20,-2.00,-9.67
78373,0.12,-0.18,-2.00,-9.61
78404,0.06,-0.22,-1.99,-9.65
78436,0.00,-0.18,-1.98,-9.68
78467,0.06,-0.17,-1.99,-9.65
78496,0.00,-0.21,-1.98,-9.62
78529,-0.06,-0.20,-1.99,-9.71
78562,0.00,-0.19,-1.99,-9.63
78592,0.00,-0.16,-2.01,-9.65
78624,0.00,-0.18,-2.00,-9.64
78655,-0.12,-0.20,-1.97,-9.57
78687,0.12,-0.18,-1.99,-9.67
78718,-0.06,-0.19,-1.98,-9.68
78749,0.12,-0.20,-2.01,-9.63
78782,-0.12,-0.20,-2.02,-9.74
78815,-0.06,-0.16,-1.99,-9.61
78844,0.00,-0.19,-2.00,-9.62
78877,-0.06,-0.20,-1.98,-9.76
78909,0.06,-0.20,-2.01,-9.62
78941,0.00,-0.20,-2.00,-9.64
78972,-0.12,-0.21,-1.99,-9.61
79004,0.00,-0.19,-1.98,-9.62
79036,0.12,-0.18,-2.00,-9.70
79067,0.00,-0.21,-1.98,-9.61
79096,0.06,-0.20,-2.01,-9.61
79129,-0.06,-0.19,-1.99,-9.71
79162,-0.06,-0.19,-2.01,-9.64
79193,-0.06,-0.18,-2.01,-9.69
79226,-0.06,-0.19,-2.01,-9.73
79258,-0.06,-0.20,-1.99,-9.60
79290,-0.06,-0.18,-2.00,-9.68
79323,0.06,-0.20,-1.99,-9.65
79354,-0.06,-0.19,-2.01,-9.65
79386,-0.06,-0.20,-2.01,-9.64
79418,-0.06,-0.20,-1.98,-9.61
79450,0.00,-0.18,-1.98,-9.63
79481,-0.12,-0.21,-1.99,-9.74
79514,0.00,-0.18,-2.01,-9.61
79544,0.06,-0.21,-2.00,-9.69
79577,0.00,-0.17,-2.02,-9.73
79607,0.06,-0.21,-1.98,-9.62
79638,-0.06,-0.18,-2.01,-9.69
79671,0.06,-0.19,-2.01,-9.60
79700,-0.06,-0.17,-1.99,-9.63
79734,0.06,-0.17,-1.98,-9.74
79766,0.00,-0.18,-1.99,-9.64
79796,-0.06,-0.19,-2.01,-9.60
79828,-0.06,-0.20,-2.00,-9.73
79861,0.06,-0.18,-2.00,-9.62
79892,0.06,-0.19,-2.01,-9.69
79924,-0.12,-0.22,-1.99,-9.63
79956,-0.06,-0.20,-1.98,-9.58
79988,0.00,-0.18,-2.00,-9.69
80019,0.06,-0.18,-1.97,-9.64
80049,-0.06,-0.20,-2.01,-9.65
80083,-0.12,-0.17,-2.01,-9.70
80115,-0.06,-0.20,-2.01,-9.61
80146,-0.06,-0.19,-1.99,-9.63
80179,0.00,-0.20,-2.01,-9.74
80210,0.00,-0.18,-1.98,-9.64
80242,-0.12,-0.19,-2.01,-9.65
80274,-0.06,-0.21,-1.99,-9.63
80307,0.06,-0.18,-1.99,-9.64
80338,-0.06,-0.19,-1.99,-9.70
80369,0.06,-0.19,-2.01,-9.61
80400,0.00,-0.20,-1.98,-9.64
80433,0.06,-0.17,-1.98,-9.74
80463,0.06,-0.20,-2.01,-9.60
80494,0.12,-0.20,-1.99,-9.69
80526,0.12,-0.16,-2.01,-9.60
80558,0.00,-0.17,-2.00,-9.65
80588,0.00,-0.20,-1.97,-9.67
80619,0.06,-0.18,-2.01,-9.62
80650,0.06,-0.20,-2.01,-9.66
80681,0.12,-0.17,-1.99,-9.72
80712,0.12,-0.20,-1.98,-9.60
80744,0.00,-0.22,-1.99,-9.67
80776,0.12,-0.19,-2.01,-9.61
80806,0.06,-0.17,-2.00,-9.64
80838,0.12,-0.19,-2.01,-9.73
80869,0.06,-0.21,-2.00,-9.67
80899,0.00,-0.16,-1.99,-9.61
80931,0.06,-0.19,-1.99,-9.71
80962,0.06,-0.21,-2.00,-9.61
80994,0.12,-0.20,-1.99,-9.65
81026,0.00,-0.16,-1.99,-9.64
81056,0.12,-0.19,-2.01,-9.60
81088,0.00,-0.20,-2.00,-9.73
81119,0.06,-0.20,-1.98,-9.62
81148,-0.06,-0.19,-1.99,-9.62
81181,0.06,-0.19,-2.01,-9.73
81213,0.06,-0.20,-1.98,-9.60
81245,0.06,-0.17,-1.97,-9.68
81276,0.00,-0.19,-1.99,-9.70
81307,-0.12,-0.19,-2.01,-9.66
81340,0.00,-0.18,-1.99,-9.68
81370,0.06,-0.20,-1.98,-9.60
81399,0.12,-0.21,-2.01,-9.64
81432,0.00,-0.20,-2.02,-9.77
81464,0.06,-0.20,-1.99,-9.61
81495,0.06,-0.20,-2.00,-9.69
81526,0.00,-0.18,-1.98,-9.63
81557,0.00,-0.17,-2.00,-9.66
81590,0.12,-0.20,-2.01,-9.72
81620,0.00,-0.15,-2.00,-9.61
81649,0.06,-0.19,-2.00,-9.64
81682,0.00,-0.20,-1.99,-9.74
81713,0.06,-0.19,-2.01,-9.64
81744,0.06,-0.18,-1.97,-9.66
81776,0.06,-0.21,-2.00,-9.66
81807,0.06,-0.20,-1.97,-9.65
81839,0.19,-0.18,-1.99,-9.75
81870,0.19,-0.18,-2.00,-9.60
81900,0.06,-0.20,-2.00,-9.60
81931,0.06,-0.18,-2.00,-9.72
81963,0.00,-0.21,-1.99,-9.61
81994,0.06,-0.19,-2.01,-9.64
82026,0.00,-0.18,-1.99,-9.63
82057,0.19,-0.19,-1.99,-9.63
82088,0.12,-0.20,-1.98,-9.72
82120,0.12,-0.19,-2.00,-9.60
82149,0.00,-0.19,-2.01,-9.62
82182,0.00,-0.18,-2.01,-9.77
82212,0.00,-0.19,-1.99,-9.62
82244,0.19,-0.20,-2.00,-9.66
82275,0.06,-0.18,-2.02,-9.69
82306,0.06,-0.19,-2.02,-9.65
82338,0.12,-0.17,-2.00,-9.75
82369,0.00,-0.18,-1.99,-9.59
82399,0.06,-0.20,-2.00,-9.64
82432,0.06,-0.19,-2.00,-9.72
82462,0.06,-0.20,-1.99,-9.61
82493,0.12,-0.19,-1.99,-9.71
82525,0.00,-0.20,-1.98,-9.62
82554,0.06,-0.18,-2.01,-9.62
82588,0.19,-0.19,-2.00,-9.78
82619,0.19,-0.20,-1.99,-9.61
82649,0.06,-0.19,-2.00,-9.64
82681,0.06,-0.19,-2.00,-9.61
82712,0.06,-0.18,-1.96,-9.64
82743,-0.06,-0.19,-2.00,-9.71
82775,0.06,-0.19,-2.00,-9.62
82805,0.00,-0.20,-2.01,-9.65
82838,0.00,-0.18,-1.99,-9.74
82870,0.06,-0.19,-2.01,-9.63
82898,0.06,-0.18,-2.01,-9.69
82931,0.00,-0.18,-1.99,-9.61
82962,0.00,-0.17,-2.01,-9.57
82994,0.00,-0.19,-1.99,-9.69
83024,0.06,-0.19,-1.99,-9.64
83055,-0.12,-0.19,-1.98,-9.62
83089,-0.06,-0.20,-2.01,-9.74
83121,0.19,-0.17,-1.99,-9.63
83150,0.00,-0.20,-2.00,-9.64
83183,-0.06,-0.20,-2.00,-9.73
83215,0.00,-0.17,-2.00,-9.63
83247,-0.06,-0.21,-1.99,-9.64
83279,0.00,-0.22,-1.99,-9.70
83310,-0.06,-0.19,-2.00,-9.68
83343,0.06,-0.19,-2.01,-9.72
83374,0.00,-0.21,-2.01,-9.61
83402,-0.06,-0.18,-2.00,-9.62
83436,0.00,-0.19,-2.02,-9.71
83469,-0.06,-0.19,-2.01,-9.60
83500,0.06,-0.18,-1.99,-9.65
83532,0.00,-0.18,-1.97,-9.58
83563,0.12,-0.20,-1.99,-9.62
83594,0.00,-0.16,-1.98,-9.71
83624,-0.06,-0.20,-1.98,-9.61
83655,0.06,-0.21,-2.01,-9.62
83689,-0.06,-0.19,-1.98,-9.74
83722,0.00,-0.20,-1.97,-9.60
83750,0.00,-0.19,-2.01,-9.69
83783,0.06,-0.19,-2.01,-9.71
83814,-0.06,-0.19,-1.99,-9.60
83846,-0.06,-0.20,-1.98,-9.68
83879,0.00,-0.19,-2.00,-9.62
83909,0.00,-0.18,-1.97,-9.64
83942,0.00,-0.17,-2.00,-9.73
83974,0.06,-0.21,-1.99,-9.60
84002,0.06,-0.19,-1.98,-9.66
84034,0.06,-0.18,-1.99,-9.74
84066,0.00,-0.20,-2.00,-9.61
84097,0.00,-0.17,-2.01,-9.66
84128,0.00,-0.19,-1.98,-9.68
84159,-0.12,-0.18,-2.01,-9.65
84193,0.00,-0.21,-2.01,-9.73
84224,0.00,-0.18,-2.01,-9.62
84253,-0.12,-0.20,-1.99,-9.63
84286,0.00,-0.20,-1.99,-9.77
84317,0.00,-0.19,-2.00,-9.63
84348,-0.06,-0.18,-1.99,-9.68
84381,0.06,-0.16,-2.00,-9.60
84412,0.00,-0.18,-2.00,-9.62
84444,0.00,-0.20,-2.01,-9.75
84474,-0.06,-0.20,-1.99,-9.63
84505,-0.06,-0.19,-1.99,-9.63
84540,0.00,-0.21,-1.99,-9.74
84571,-0.06,-0.18,-2.01,-9.60
84601,0.00,-0.20,-1.99,-9.69
84634,0.12,-0.20,-2.00,-9.63
84665,0.06,-0.19,-1.98,-9.65
84696,-0.06,-0.16,-2.00,-9.70
84728,0.06,-0.20,-2.01,-9.63
84758,0.00,-0.20,-2.01,-9.61
84792,0.06,-0.18,-1.98,-9.73
84823,0.00,-0.17,-1.99,-9.60
84852,0.00,-0.19,-2.00,-9.67
84885,0.00,-0.18,-2.01,-9.76
84915,-0.06,-0.18,-2.01,-9.59
84947,0.00,-0.18,-2.00,-9.67
84979,-0.06,-0.17,-1.99,-9.70
85011,0.00,-0.18,-2.01,-9.62
85043,-0.06,-0.20,-2.00,-9.74
85075,-0.06,-0.18,-1.98,-9.61
85105,0.00,-0.18,-2.00,-9.65
85138,-0.06,-0.19,-2.00,-9.73
85171,0.06,-0.17,-2.00,-9.62
85201,-0.06,-0.18,-2.00,-9.71
85234,0.00,-0.17,-1.98,-9.59
85265,0.00,-0.17,-1.99,-9.63
85297,0.06,-0.21,-2.00,-9.67
85327,0.00,-0.19,-2.00,-9.65
85357,-0.06,-0.16,-2.01,-9.62
85391,0.06,-0.18,-2.00,-9.71
85423,-0.06,-0.18,-1.98,-9.62
85453,-0.06,-0.18,-2.00,-9.68
85486,0.06,-0.21,-2.00,-9.72
85517,-0.12,-0.18,-1.99,-9.64
85550,0.00,-0.18,-2.00,-9.69
85581,0.06,-0.19,-1.98,-9.68
85612,-0.06,-0.19,-2.01,-9.63
85645,-0.06,-0.18,-2.01,-9.73
85677,0.00,-0.21,-2.00,-9.60
85706,-0.06,-0.20,-2.00,-9.66
85740,-0.06,-0.16,-1.98,-9.74
85773,-0.06,-0.20,-1.98,-9.62
85804,-0.06,-0.17,-2.01,-9.66
85837,-0.06,-0.19,-2.00,-9.72
85869,0.00,-0.17,-2.01,-9.61
85901,0.06,-0.22,-2.00,-9.69
85933,0.06,-0.22,-1.98,-9.62
85963,-0.06,-0.18,-2.00,-9.64
85996,0.12,-0.19,-2.01,-9.74
86027,-0.06,-0.17,-2.01,-9.63
86057,0.00,-0.17,-2.00,-9.62
86089,-0.06,-0.19,-2.00,-9.69
86122,0.00,-0.18,-1.99,-9.62
86153,0.12,-0.20,-2.01,-9.69
86184,-0.06,-0.17,-2.00,-9.61
86216,0.00,-0.18,-1.99,-9.60
86248,0.06,-0.17,-2.00,-9.67
86279,0.06,-0.19,-2.00,-9.66
86309,-0.06,-0.18,-1.98,-9.66
86343,-0.06,-0.18,-2.01,-9.71
86375,-0.19,-0.17,-2.01,-9.62
86406,0.12,-0.19,-1.99,-9.65
86438,-0.06,-0.22,-1.98,-9.71
86470,0.00,-0.17,-2.01,-9.62
86502,-0.06,-0.18,-2.00,-9.67
86534,0.06,-0.18,-1.98,-9.62
86565,0.06,-0.18,-1.99,-9.64
86597,0.06,-0.18,-1.99,-9.79
86628,0.06,-0.19,-2.00,-9.64
86658,0.00,-0.17,-2.01,-9.61
86689,0.00,-0.19,-2.00,-9.75
86720,-0.06,-0.18,-1.94,-9.53
86753,-0.19,-0.09,-1.93,-9.71
86786,0.00,-0.26,-2.01,-9.61
86816,-0.06,-0.18,-2.00,-9.64
86849,-0.06,-0.18,-1.98,-9.66
86881,-0.06,-0.18,-2.01,-9.63
86913,0.00,-0.23,-2.01,-9.65
86945,-0.06,-0.16,-2.00,-9.72
86977,0.00,-0.16,-1.99,-9.64
87007,-0.06,-0.24,-2.00,-9.62
87040,0.06,-0.16,-2.00,-9.75
87071,0.00,-0.21,-1.98,-9.62
87103,0.00,-0.19,-1.98,-9.65
87135,0.00,-0.18,-2.00,-9.63
87165,0.00,-0.18,-2.01,-9.63
87196,0.06,-0.19,-2.01,-9.71
87228,0.00,-0.21,-2.01,-9.60
87258,0.12,-0.18,-1.99,-9.62
87289,-0.06,-0.21,-2.01,-9.76
87321,0.00,-0.20,-1.99,-9.60
87353,-0.06,-0.17,-1.98,-9.67
87387,-0.06,-0.20,-2.00,-9.62
87417,-0.06,-0.20,-2.01,-9.63
87450,-0.06,-0.18,-1.99,-9.67
87482,0.06,-0.20,-2.01,-9.63
87513,0.00,-0.21,-2.01,-9.64
87545,0.00,-0.18,-2.01,-9.73
87576,0.00,-0.17,-2.00,-9.63
87607,0.06,-0.19,-1.99,-9.68
87639,-0.06,-0.18,-1.99,-9.61
87670,0.00,-0.20,-2.00,-9.60
87702,0.00,-0.18,-2.01,-9.67
87733,0.00,-0.22,-2.00,-9.61
87762,-0.06,-0.21,-1.99,-9.60
87797,0.00,-0.17,-2.02,-9.70
87828,0.12,-0.18,-2.00,-9.61
87858,0.12,-0.19,-1.98,-9.70
87890,-0.19,-0.20,-2.01,-9.71
87921,0.12,-0.19,-1.96,-9.62
87953,0.00,-0.20,-2.00,-9.68
87985,-0.06,-0.21,-1.99,-9.66
88016,-0.12,-0.18,-2.00,-9.62
88050,0.06,-0.21,-2.00,-9.71
88081,-0.12,-0.19,-1.99,-9.62
88111,-0.06,-0.19,-2.00,-9.64
88145,0.06,-0.22,-2.00,-9.72
88177,0.06,-0.18,-2.00,-9.60
88207,0.00,-0.17,-1.99,-9.65
88239,-0.06,-0.20,-2.01,-9.64
88270,0.00,-0.20,-1.99,-9.63
88302,-0.06,-0.21,-2.01,-9.69
88334,0.06,-0.19,-1.99,-9.62
88365,-0.06,-0.20,-2.01,-9.62
88398,-0.06,-0.18,-2.01,-9.76
88430,-0.06,-0.19,-1.99,-9.60
88461,0.00,-0.20,-2.01,-9.65
88493,0.00,-0.20,-2.00,-9.71
88523,-0.06,-0.18,-2.00,-9.60
88556,0.06,-0.18,-2.00,-9.67
88589,0.06,-0.18,-2.00,-9.63
88619,0.00,-0.21,-2.00,-9.60
88651,-0.06,-0.20,-2.00,-9.73
88682,-0.06,-0.19,-1.98,-9.66
88714,-0.06,-0.18,-1.99,-9.63
88748,0.00,-0.20,-2.00,-9.74
88778,0.12,-0.18,-2.02,-9.62
88809,0.00,-0.20,-1.95,-9.65
88841,-0.06,-0.18,-1.98,-9.63
88872,0.06,-0.21,-1.98,-9.62
88904,0.12,-0.19,-1.99,-9.67
88935,0.06,-0.19,-1.99,-9.62
88965,0.00,-0.19,-1.99,-9.61
88998,0.00,-0.21,-1.99,-9.70
89029,-0.06,-0.18,-2.01,-9.60
89060,0.00,-0.17,-2.00,-9.67
89092,0.12,-0.21,-2.00,-9.72
89122,0.06,-0.20,-2.02,-9.61
89154,0.06,-0.19,-2.01,-9.70
89186,0.00,-0.18,-1.98,-9.62
89216,0.00,-0.20,-1.99,-9.63
89249,0.00,-0.19,-1.99,-9.74
89280,0.06,-0.19,-2.00,-9.62
89310,0.06,-0.19,-2.01,-9.69
89342,0.00,-0.20,-2.01,-9.71
89373,0.12,-0.18,-1.99,-9.60
89404,-0.06,-0.20,-2.01,-9.68
89437,-0.06,-0.19,-1.97,-9.64
89468,0.06,-0.18,-2.01,-9.64
89500,-0.06,-0.18,-2.01,-9.72
89532,-0.06,-0.21,-1.98,-9.67
89563,-0.06,-0.20,-2.00,-9.64
89596,0.00,-0.17,-2.01,-9.74
89628,-0.12,-0.19,-1.99,-9.63
89659,0.00,-0.18,-2.00,-9.66
89692,0.00,-0.18,-2.00,-9.70
89722,-0.06,-0.20,-2.02,-9.62
89754,-0.12,-0.21,-2.01,-9.72
89787,0.00,-0.18,-2.00,-9.61
89817,0.00,-0.20,-2.00,-9.66
89850,-0.06,-0.18,-1.99,-9.75
89882,0.00,-0.19,-1.98,-9.60
89912,0.06,-0.22,-2.01,-9.60
89944,0.00,-0.18,-2.00,-9.72
89975,0.00,-0.18,-1.99,-9.62
90006,0.06,-0.19,-2.00,-9.69
90038,0.00,-0.22,-2.01,-9.62
90067,0.06,-0.17,-2.00,-9.60
90101,0.00,-0.16,-2.00,-9.73
90132,0.00,-0.21,-2.01,-9.61
90162,0.12,-0.19,-2.01,-9.72
90193,0.00,-0.20,-1.99,-9.73
90224,0.12,-0.19,-1.99,-9.63
90256,-0.06,-0.21,-1.99,-9.71
90289,0.06,-0.18,-2.02,-9.64
90318,0.06,-0.19,-2.01,-9.62
90351,-0.12,-0.21,-1.98,-9.71
90384,0.06,-0.20,-2.00,-9.62
90414,0.00,-0.17,-1.98,-9.64
90445,0.00,-0.20,-2.01,-9.75
90476,0.06,-0.20,-2.00,-9.62
90508,-0.06,-0.18,-1.98,-9.68
90541,0.06,-0.21,-2.02,-9.68
90571,0.00,-0.21,-1.99,-9.65
90603,0.00,-0.18,-2.01,-9.73
90634,-0.06,-0.21,-2.01,-9.59
90664,0.00,-0.19,-2.00,-9.65
90696,0.00,-0.17,-1.98,-9.77
90728,0.06,-0.20,-2.01,-9.62
90760,0.00,-0.19,-1.98,-9.67
90791,0.00,-0.20,-2.00,-9.64
90821,-0.06,-0.20,-2.01,-9.63
90854,0.00,-0.17,-2.01,-9.73
90885,0.06,-0.18,-1.98,-9.64
90915,0.06,-0.17,-2.01,-9.63
90947,-0.06,-0.18,-1.98,-9.75
90980,0.00,-0.20,-1.99,-9.63
91011,0.06,-0.20,-2.01,-9.71
91043,0.06,-0.18,-2.00,-9.63
91074,-0.06,-0.18,-2.00,-9.64
91106,-0.06,-0.20,-2.00,-9.68
91138,-0.12,-0.19,-2.00,-9.63
91169,0.00,-0.20,-1.99,-9.62
91202,0.00,-0.20,-1.99,-9.72
91233,0.06,-0.20,-2.01,-9.61
91262,-0.12,-0.20,-2.01,-9.69
91296,0.06,-0.18,-1.99,-9.73
91327,-0.06,-0.17,-2.01,-9.61
91360,-0.06,-0.17,-2.00,-9.65
91393,0.06,-0.17,-2.01,-9.66
91423,0.06,-0.17,-2.00,-9.65
91455,0.00,-0.19,-1.98,-9.71
91486,0.06,-0.21,-1.99,-9.62
91515,-0.12,-0.17,-2.01,-9.62
91548,-0.06,-0.19,-2.00,-9.73
91582,0.00,-0.19,-1.99,-9.63
91612,-0.06,-0.19,-1.99,-9.65
91645,0.00,-0.21,-2.01,-9.60
91676,-0.06,-0.18,-2.01,-9.61
91708,0.00,-0.19,-2.00,-9.68
91739,-0.06,-0.19,-1.99,-9.62
91769,-0.06,-0.20,-1.98,-9.64
91804,0.06,-0.21,-2.00,-9.71
91836,-0.12,-0.17,-1.99,-9.61
91866,0.00,-0.19,-2.00,-9.63
91897,-0.12,-0.16,-2.01,-9.69
91930,0.06,-0.20,-1.99,-9.61
91962,-0.06,-0.18,-1.99,-9.67
91995,-0.06,-0.17,-2.00,-9.65
92026,-0.06,-0.19,-2.00,-9.61
92058,0.06,-0.18,-2.01,-9.68
92089,-0.06,-0.20,-1.99,-9.70
92121,0.00,-0.20,-1.98,-9.64
92153,0.00,-0.18,-2.00,-9.72
92185,0.19,-0.17,-2.01,-9.61
92215,-0.06,-0.18,-1.98,-9.63
92248,-0.06,-0.20,-1.99,-9.73
92279,0.00,-0.17,-2.01,-9.62
92311,0.00,-0.18,-1.99,-9.71
92343,-0.12,-0.20,-1.99,-9.62
92376,0.06,-0.18,-2.01,-9.62
92406,0.06,-0.19,-2.00,-9.74
92437,-0.06,-0.21,-1.96,-9.62
92468,0.06,-0.20,-1.99,-9.64
92499,-0.06,-0.21,-2.01,-9.75
92532,-0.06,-0.18,-2.00,-9.60
92564,-0.06,-0.18,-2.01,-9.69
92598,0.00,-0.19,-2.00,-9.73
92627,-0.06,-0.22,-2.01,-9.61
92660,0.06,-0.19,-2.00,-9.68
92692,-0.06,-0.20,-2.01,-9.65
92724,0.12,-0.19,-2.01,-9.61
92755,0.06,-0.18,-1.98,-9.75
92787,0.00,-0.19,-2.01,-9.60
92816,0.12,-0.21,-2.01,-9.64
92849,0.06,-0.18,-1.99,-9.72
92879,-0.06,-0.20,-2.00,-9.59
92912,0.06,-0.17,-2.00,-9.66
92944,-0.06,-0.20,-2.00,-9.60
92976,-0.06,-0.19,-2.00,-9.63
93008,0.00,-0.21,-2.00,-9.71
93039,0.00,-0.19,-2.00,-9.59
93069,0.00,-0.17,-2.00,-9.62
93101,-0.06,-0.19,-2.01,-9.73
93133,0.00,-0.17,-2.00,-9.61
93164,0.19,-0.18,-2.01,-9.72
93197,0.00,-0.20,-2.01,-9.60
93228,0.00,-0.20,-2.01,-9.65
93259,0.00,-0.18,-2.02,-9.70
93289,-0.06,-0.19,-1.99,-9.63
93321,-0.12,-0.18,-1.99,-9.68
93355,-0.06,-0.20,-2.02,-9.72
93387,0.00,-0.18,-2.01,-9.61
93417,0.06,-0.20,-2.00,-9.68
93449,0.00,-0.20,-1.99,-9.75
93479,-0.06,-0.20,-2.02,-9.62
93512,0.06,-0.19,-2.00,-9.65
93544,0.00,-0.20,-1.98,-9.67
93575,-0.06,-0.19,-1.99,-9.61
93607,0.06,-0.19,-2.02,-9.73
93639,0.06,-0.21,-1.99,-9.63
93668,0.00,-0.21,-2.01,-9.67
93700,-0.12,-0.18,-2.01,-9.75
93732,-0.06,-0.19,-2.00,-9.62
93765,0.06,-0.19,-1.99,-9.65
93797,-0.06,-0.20,-2.00,-9.61
93829,0.00,-0.18,-2.00,-9.64
93859,0.00,-0.17,-2.01,-9.70
93890,-0.06,-0.18,-2.00,-9.59
93922,0.06,-0.18,-2.00,-9.63
93955,0.00,-0.17,-1.98,-9.74
93986,0.00,-0.19,-2.00,-9.63
94016,-0.06,-0.19,-1.98,-9.69
94050,0.06,-0.18,-1.99,-9.60
94080,-0.06,-0.18,-1.98,-9.62
94112,0.12,-0.21,-2.01,-9.68
94143,0.00,-0.17,-2.00,-9.64
94174,0.00,-0.21,-2.01,-9.62
94206,0.00,-0.19,-2.00,-9.72
94237,0.06,-0.19,-2.00,-9.62
94268,0.00,-0.19,-2.00,-9.67
94300,-0.06,-0.19,-2.00,-9.61
94331,-0.06,-0.18,-1.99,-9.61
94364,-0.06,-0.17,-2.00,-9.69
94397,-0.12,-0.21,-2.01,-9.66
94429,0.00,-0.20,-2.01,-9.63
94460,0.00,-0.19,-2.01,-9.74
94491,-0.06,-0.20,-1.99,-9.60
94522,-0.06,-0.18,-1.99,-9.63
94556,0.00,-0.18,-1.99,-9.74
94587,-0.12,-0.19,-1.99,-9.61
94618,-0.06,-0.20,-1.98,-9.67
94651,-0.06,-0.20,-2.00,-9.73
94683,-0.06,-0.21,-1.99,-9.61
94715,-0.06,-0.18,-2.01,-9.71
94748,0.00,-0.21,-2.00,-9.61
94780,0.00,-0.22,-2.00,-9.63
94811,0.00,-0.16,-1.99,-9.72
94841,0.06,-0.20,-1.98,-9.66
94871,0.00,-0.18,-2.01,-9.62
94904,0.06,-0.21,-2.00,-9.74
94935,-0.06,-0.19,-2.01,-9.60
94966,-0.06,-0.20,-2.01,-9.69
95000,-0.06,-0.19,-1.99,-9.63
95032,0.00,-0.21,-1.99,-9.62
95063,0.06,-0.17,-2.01,-9.67
95094,-0.06,-0.20,-2.00,-9.64
95125,-0.06,-0.20,-2.01,-9.62
95159,0.00,-0.17,-2.01,-9.74
95191,-0.06,-0.20,-1.98,-9.60
95221,0.00,-0.17,-1.98,-9.61
95253,0.06,-0.18,-1.99,-9.76
95284,0.12,-0.19,-2.00,-9.62
95315,-0.06,-0.21,-2.01,-9.66
95348,0.00,-0.19,-2.01,-9.60
95380,-0.06,-0.19,-2.01,-9.60
95412,0.00,-0.21,-2.00,-9.71
95442,0.00,-0.19,-2.00,-9.60
95472,0.00,-0.18,-1.98,-9.61
95505,0.06,-0.19,-1.99,-9.70
95536,-0.06,-0.17,-2.00,-9.61
95567,0.00,-0.19,-2.01,-9.70
95600,0.06,-0.18,-2.01,-9.62
95631,0.00,-0.20,-2.00,-9.61
95663,-0.06,-0.19,-2.00,-9.69
95694,0.06,-0.17,-1.99,-9.63
95724,0.00,-0.19,-1.99,-9.63
95757,-0.06,-0.17,-2.00,-9.73
95790,-0.06,-0.17,-2.00,-9.63
95820,0.06,-0.22,-2.00,-9.69
95852,-0.06,-0.20,-1.99,-9.71
95884,-0.06,-0.18,-2.00,-9.60
95917,-0.12,-0.20,-1.99,-9.64
95949,0.00,-0.18,-2.01,-9.67
95980,0.00,-0.18,-1.99,-9.63
96012,0.06,-0.20,-2.00,-9.74
96043,0.06,-0.20,-2.02,-9.59
96072,0.00,-0.17,-1.99,-9.61
96105,0.06,-0.18,-1.99,-9.76
96136,0.00,-0.17,-2.02,-9.62
96167,0.06,-0.20,-2.01,-9.66
96199,0.06,-0.22,-1.99,-9.61
96230,-0.06,-0.19,-1.98,-9.65
96263,0.00,-0.20,-1.98,-9.74
96293,0.00,-0.18,-1.99,-9.66
96323,0.00,-0.20,-2.01,-9.64
96355,0.00,-0.20,-2.01,-9.74
96387,-0.06,-0.17,-1.99,-9.62
96418,-0.06,-0.19,-1.98,-9.71
96452,0.00,-0.22,-2.01,-9.61
96483,0.00,-0.18,-2.00,-9.64
96514,-0.06,-0.19,-2.00,-9.69
96545,0.00,-0.18,-2.01,-9.62
96576,0.00,-0.20,-2.01,-9.62
96609,-0.06,-0.20,-1.99,-9.73
96642,-0.06,-0.19,-1.99,-9.61
96671,-0.06,-0.20,-2.01,-9.68
96705,0.06,-0.19,-2.02,-9.72
96736,-0.06,-0.17,-1.98,-9.61
96769,0.00,-0.20,-1.96,-9.68
96800,0.00,-0.19,-2.01,-9.71
96831,0.00,-0.21,-2.00,-9.62
96863,0.00,-0.20,-2.01,-9.71
96893,0.06,-0.21,-1.99,-9.62
96923,0.06,-0.17,-2.01,-9.65
96955,0.06,-0.18,-2.00,-9.74
96987,0.06,-0.19,-2.01,-9.57
97018,0.00,-0.18,-2.00,-9.69
97050,-0.19,-0.20,-1.99,-9.60
97082,-0.06,-0.18,-2.00,-9.61
97115,0.00,-0.19,-2.00,-9.66
97145,0.00,-0.18,-2.01,-9.65
97175,0.06,-0.19,-2.00,-9.62
97207,0.12,-0.19,-2.01,-9.71
97239,0.06,-0.20,-2.01,-9.59
97269,0.00,-0.21,-2.01,-9.69
97302,-0.06,-0.19,-2.01,-9.61
97333,0.12,-0.18,-2.02,-9.63
97364,0.00,-0.20,-2.01,-9.70
97395,0.06,-0.22,-2.01,-9.67
97426,0.00,-0.18,-2.00,-9.61
97458,0.06,-0.18,-2.01,-9.74
97489,-0.06,-0.18,-1.99,-9.63
97520,0.12,-0.20,-2.00,-9.68
97553,-0.06,-0.16,-1.98,-9.64
97586,0.00,-0.17,-1.99,-9.63
97615,0.00,-0.20,-2.01,-9.67
97647,0.06,-0.22,-2.00,-9.69
97677,-0.06,-0.20,-2.01,-9.66
97712,0.19,-0.19,-1.99,-9.71
97742,0.00,-0.20,-1.99,-9.60
97772,0.00,-0.22,-2.02,-9.64
97805,-0.06,-0.20,-2.01,-9.67
97836,0.00,-0.18,-1.99,-9.59
97867,-0.12,-0.17,-2.00,-9.70
97900,0.00,-0.20,-2.01,-9.61
97930,0.00,-0.21,-1.97,-9.64
97963,-0.12,-0.19,-2.01,-9.71
97995,0.06,-0.19,-1.98,-9.59
98025,0.06,-0.16,-2.00,-9.63
98057,-0.06,-0.20,-1.99,-9.72
98088,0.00,-0.19,-2.01,-9.64
98120,0.12,-0.20,-2.00,-9.67
98152,0.06,-0.22,-1.99,-9.60
98183,0.00,-0.19,-2.01,-9.64
98214,-0.06,-0.19,-2.01,-9.70
98246,-0.06,-0.19,-2.00,-9.66
98277,0.06,-0.20,-2.00,-9.64
98310,0.06,-0.21,-1.98,-9.72
98340,0.00,-0.20,-1.98,-9.60
98372,-0.12,-0.20,-1.99,-9.66
98405,-0.06,-0.18,-2.01,-9.65
98436,-0.12,-0.20,-2.00,-9.61
98468,-0.12,-0.19,-2.01,-9.67
98501,0.00,-0.19,-2.01,-9.70
98531,-0.06,-0.21,-1.99,-9.63
98566,0.00,-0.20,-2.01,-9.75
98596,-0.06,-0.20,-2.01,-9.61
98626,0.00,-0.19,-2.01,-9.63
98659,-0.06,-0.20,-2.00,-9.72
98692,-0.12,-0.16,-1.98,-9.60
98722,-0.06,-0.17,-2.00,-9.72
98756,-0.06,-0.19,-1.99,-9.65
98788,-0.06,-0.16,-2.01,-9.60
98821,0.06,-0.19,-1.99,-9.67
98852,-0.12,-0.17,-2.01,-9.62
98884,0.00,-0.21,-1.99,-9.60
98916,0.00,-0.19,-1.99,-9.70
98947,-0.06,-0.19,-1.98,-9.63
98977,0.00,-0.18,-2.00,-9.65
99009,0.00,-0.19,-1.99,-9.73
99041,-0.12,-0.18,-2.00,-9.64
99073,0.00,-0.19,-2.00,-9.68
99104,0.00,-0.20,-1.99,-9.69
99135,0.00,-0.19,-1.97,-9.61
99167,-0.19,-0.20,-1.98,-9.71
99198,0.12,-0.19,-2.00,-9.57
99229,-0.12,-0.20,-1.99,-9.63
99263,0.00,-0.18,-2.02,-9.75
99294,-0.06,-0.19,-1.99,-9.61
99325,0.06,-0.18,-2.01,-9.68
99357,0.00,-0.18,-2.01,-9.73
99388,0.00,-0.19,-2.02,-9.58
99420,0.06,-0.18,-2.01,-9.68
99450,0.06,-0.19,-2.00,-9.62
99480,0.06,-0.17,-2.01,-9.65
99513,-0.06,-0.18,-1.99,-9.72
99546,0.00,-0.17,-2.00,-9.64
99575,0.06,-0.20,-1.99,-9.70
99608,-0.06,-0.18,-2.00,-9.72
99639,-0.12,-0.20,-1.99,-9.63
99673,0.06,-0.22,-2.02,-9.70
99703,-0.06,-0.18,-2.01,-9.64
99736,-0.06,-0.17,-2.00,-9.62
99768,0.00,-0.18,-2.00,-9.66
99799,-0.06,-0.19,-2.00,-9.64
99830,0.00,-0.21,-2.01,-9.64
99863,0.06,-0.18,-2.00,-9.75
99894,0.00,-0.20,-2.00,-9.63
99924,0.06,-0.20,-2.01,-9.68
99956,-0.06,-0.20,-1.99,-9.66
99989,0.00,-0.18,-2.02,-9.64
100020,0.00,-0.21,-2.01,-9.66
100051,-0.06,-0.19,-1.98,-9.60
100085,0.06,-0.19,-2.00,-9.64
100118,0.06,-0.19,-1.99,-9.71
100150,-0.12,-0.19,-1.98,-9.63
100182,0.00,-0.20,-2.00,-9.66
100215,-0.12,-0.20,-2.00,-9.73
100248,0.00,-0.19,-1.99,-9.60
100279,0.06,-0.18,-2.00,-9.65
100313,-0.06,-0.20,-2.00,-9.71
100346,-0.12,-0.19,-2.00,-9.62
100378,0.00,-0.18,-1.98,-9.64
100411,-0.06,-0.19,-2.01,-9.74
100446,-0.12,-0.19,-2.02,-9.60
100477,-0.12,-0.19,-2.02,-9.64
100511,-0.06,-0.21,-1.97,-9.71
100545,0.00,-0.19,-2.03,-9.61
100576,-0.12,-0.20,-1.99,-9.69
100611,0.06,-0.19,-1.98,-9.73
100641,0.06,-0.21,-2.00,-9.61
100674,-0.12,-0.17,-2.00,-9.69
100709,0.06,-0.18,-2.02,-9.62
100740,-0.06,-0.18,-1.98,-9.62
100773,0.12,-0.19,-2.01,-9.68
100806,0.06,-0.19,-2.00,-9.68
100838,-0.06,-0.20,-1.99,-9.65
100872,0.00,-0.19,-1.98,-9.65
100903,0.00,-0.20,-2.01,-9.61
100934,0.00,-0.19,-2.01,-9.61
100968,-0.06,-0.19,-2.00,-9.72
101001,-0.06,-0.21,-2.01,-9.63
101033,0.06,-0.19,-2.01,-9.63
101067,0.12,-0.20,-1.99,-9.72
101100,-0.06,-0.19,-2.00,-9.62
101131,0.00,-0.18,-2.02,-9.62
101165,-0.12,-0.16,-2.00,-9.72
101198,-0.06,-0.19,-1.98,-9.62
101230,0.00,-0.17,-2.01,-9.62
101263,-0.06,-0.22,-2.01,-9.74
101297,0.06,-0.18,-1.97,-9.64
101328,-0.06,-0.19,-2.00,-9.62
101362,0.00,-0.19,-2.00,-9.75
101394,-0.06,-0.19,-2.02,-9.60
101427,0.06,-0.20,-2.01,-9.71
101460,0.00,-0.19,-1.99,-9.63
101492,0.00,-0.19,-2.01,-9.63
101524,-0.06,-0.19,-1.98,-9.69
101558,-0.06,-0.17,-2.01,-9.63
101591,-0.06,-0.19,-1.99,-9.61
101624,-0.06,-0.17,-2.02,-9.66
101658,0.06,-0.18,-1.98,-9.67
101691,0.06,-0.20,-1.99,-9.65
101722,0.06,-0.19,-2.01,-9.63
101754,-0.06,-0.20,-2.01,-9.60
101787,0.06,-0.19,-1.99,-9.63
101821,0.00,-0.20,-1.98,-9.75
101852,-0.06,-0.19,-1.99,-9.64
101883,-0.12,-0.18,-1.98,-9.62
101919,-0.12,-0.20,-1.99,-9.72
101952,0.06,-0.18,-2.01,-9.67
101983,-0.06,-0.18,-2.01,-9.64
102018,-0.06,-0.18,-1.99,-9.72
102051,-0.06,-0.20,-1.99,-9.62
102083,-0.06,-0.17,-1.99,-9.64
102118,-0.12,-0.20,-1.99,-9.75
102151,-0.12,-0.19,-2.01,-9.58
102182,0.00,-0.19,-2.01,-9.60
102216,0.00,-0.20,-1.98,-9.73
102249,-0.06,-0.19,-1.99,-9.60
102281,0.00,-0.21,-2.00,-9.64
102313,0.06,-0.19,-2.01,-9.73
102345,0.00,-0.19,-2.01,-9.61
102378,0.00,-0.20,-2.01,-9.67
102411,0.00,-0.17,-1.99,-9.65
102443,0.00,-0.20,-2.00,-9.61
102475,0.00,-0.19,-2.00,-9.63
102508,-0.06,-0.19,-2.00,-9.66
102541,-0.06,-0.17,-1.99,-9.63
102574,0.00,-0.19,-1.99,-9.70
102605,0.06,-0.19,-2.00,-9.60
102637,-0.06,-0.19,-1.99,-9.64
102672,0.00,-0.19,-1.99,-9.71
102704,0.06,-0.19,-2.00,-9.62
102734,0.00,-0.21,-2.00,-9.60
102769,-0.12,-0.20,-2.01,-9.72
102802,0.00,-0.19,-2.01,-9.63
102833,0.06,-0.19,-2.01,-9.60
102865,-0.06,-0.19,-2.00,-9.73
102900,-0.06,-0.17,-2.01,-9.60
102932,0.00,-0.21,-2.00,-9.62
102965,0.06,-0.20,-2.01,-9.74
102998,-0.06,-0.19,-2.01,-9.61
103029,-0.06,-0.18,-2.00,-9.64
103063,0.06,-0.17,-2.00,-9.72
103096,0.06,-0.18,-2.00,-9.58
103129,0.00,-0.18,-2.00,-9.72
103160,-0.06,-0.18,-1.99,-9.63
103193,-0.06,-0.17,-2.01,-9.63
103227,-0.12,-0.19,-2.00,-9.70
103261,0.06,-0.17,-1.99,-9.61
103292,0.00,-0.21,-2.01,-9.63
103324,0.00,-0.21,-1.98,-9.68
103357,0.00,-0.19,-2.01,-9.69
103389,-0.06,-0.18,-1.99,-9.65
103424,-0.06,-0.16,-2.00,-9.72
103455,0.00,-0.19,-1.98,-9.60
103487,-0.12,-0.20,-2.01,-9.61
103522,0.00,-0.18,-2.00,-9.74
103554,0.00,-0.19,-2.01,-9.61
103584,-0.12,-0.20,-2.00,-9.61
103619,0.00,-0.21,-2.00,-9.73
103652,0.00,-0.20,-1.98,-9.65
103683,-0.06,-0.19,-1.99,-9.65
103716,0.06,-0.19,-1.99,-9.72
103749,0.00,-0.19,-2.00,-9.61
103781,0.00,-0.20,-1.99,-9.66
103814,0.06,-0.20,-2.00,-9.67
103845,-0.06,-0.18,-2.02,-9.61
103879,0.00,-0.21,-2.00,-9.67
103912,0.12,-0.18,-2.01,-9.61
103944,-0.06,-0.19,-1.99,-9.61
103976,-0.12,-0.19,-2.00,-9.69
104010,-0.06,-0.18,-2.00,-9.63
104043,0.00,-0.20,-2.00,-9.62
104075,0.00,-0.18,-2.01,-9.67
104108,-0.06,-0.20,-2.00,-9.64
104140,-0.06,-0.18,-2.01,-9.62
104175,-0.06,-0.12,-1.98,-9.65
104207,0.00,-0.21,-2.01,-9.69
104239,-0.12,-0.22,-2.01,-9.64
104273,0.00,-0.19,-2.00,-9.73
104305,0.06,-0.17,-1.99,-9.61
104336,0.00,-0.22,-1.99,-9.66
104371,0.00,-0.22,-2.00,-9.76
104402,0.00,-0.09,-1.99,-9.60
104433,-0.06,-0.17,-1.97,-9.69
104467,0.00,-0.21,-1.99,-9.71
104500,0.00,-0.24,-1.99,-9.59
104531,0.06,-0.23,-2.01,-9.70
104565,0.06,-0.20,-2.00,-9.63
104596,0.00,-0.14,-1.99,-9.62
104629,0.00,-0.17,-2.05,-9.65
104662,-0.06,-0.26,-1.99,-9.65
104695,0.00,-0.24,-2.03,-9.62
104726,-0.06,-0.16,-2.00,-9.67
104760,-0.06,-0.24,-1.99,-9.60
104794,0.06,-0.22,-2.01,-9.65
104825,0.00,-0.16,-2.00,-9.68
104857,0.06,-0.21,-1.98,-9.60
104889,0.06,-0.18,-2.04,-9.65
104923,0.00,-0.18,-1.98,-9.72
104954,-0.06,-0.20,-2.00,-9.62
104986,-0.06,-0.20,-1.98,-9.67
105021,-0.06,-0.21,-2.01,-9.72
105055,-0.06,-0.15,-2.00,-9.59
