2284,1.19,-0.37,0.12,-0.09,-1.78,-9.56,1,3,0
2344,0.12,0.06,0.06,-0.18,-1.80,-9.74,1,3,0
2404,-0.12,0.00,0.00,-0.18,-1.70,-9.74,1,3,0
2464,-0.12,-0.06,-0.06,-0.14,-1.79,-9.70,1,3,0
2524,-0.94,0.00,0.06,-0.17,-1.78,-9.61,1,3,0
2584,0.56,-0.31,0.00,-0.12,-1.89,-9.58,1,3,0
2644,-0.19,-0.06,0.00,-0.09,-1.78,-9.61,1,3,0
2704,-0.12,0.19,-0.06,-0.15,-1.78,-9.70,1,3,0
2764,0.06,-0.12,0.00,-0.13,-1.76,-9.69,1,3,0
2824,-0.25,0.00,0.06,-0.21,-1.78,-9.62,1,3,0
2884,0.06,-0.19,0.00,-0.12,-1.77,-9.63,1,3,0
2944,-0.12,0.19,0.00,-0.16,-1.76,-9.66,1,3,0
3004,0.37,0.12,0.06,-0.13,-1.78,-9.73,1,3,0
3064,0.06,-0.12,0.06,-0.17,-1.77,-9.70,1,3,0
3124,0.12,-0.19,0.00,-0.13,-1.77,-9.66,1,3,0
3184,-0.25,-0.25,0.06,-0.16,-1.79,-9.60,1,3,0
3244,0.00,0.06,0.06,-0.15,-1.79,-9.61,1,3,0
3304,-0.06,0.12,0.19,-0.16,-1.77,-9.76,1,3,0
3364,0.12,0.12,-0.06,-0.17,-1.79,-9.72,1,3,0
3424,0.06,0.06,0.00,-0.16,-1.75,-9.66,1,3,0
3484,0.25,0.06,0.00,-0.16,-1.78,-9.66,1,3,0
3544,0.06,0.06,-0.06,-0.18,-1.78,-9.61,1,3,0
3604,-0.06,0.06,0.00,-0.15,-1.77,-9.73,1,3,0
3664,-0.06,0.00,0.00,-0.17,-1.78,-9.72,1,3,0
3724,-0.19,-0.19,0.12,-0.17,-1.77,-9.66,1,3,0
3784,-0.12,0.00,0.00,-0.18,-1.78,-9.64,1,3,0
3844,0.25,0.06,0.00,-0.16,-1.74,-9.71,1,3,0
3904,0.00,-0.12,0.12,-0.19,-1.75,-9.73,1,3,0
3964,0.06,-0.12,0.00,-0.17,-1.73,-9.70,1,3,0
4024,-0.06,-0.06,-0.06,-0.17,-1.77,-9.66,1,3,0
4084,0.00,0.00,0.00,-0.15,-1.75,-9.64,1,3,0
4144,0.00,-0.06,0.00,-0.15,-1.78,-9.64,1,3,0
4204,-0.19,-0.06,-0.06,-0.17,-1.74,-9.65,1,3,0
4264,0.00,-0.06,-0.06,-0.14,-1.75,-9.62,1,3,0
4324,0.06,0.19,-0.06,-0.15,-1.75,-9.66,1,3,0
4384,0.12,0.06,0.00,-0.15,-1.79,-9.62,1,3,0
4444,0.06,0.00,0.06,-0.15,-1.77,-9.61,1,3,0
4504,0.00,-0.12,-0.06,-0.18,-1.73,-9.64,1,3,0
4564,0.12,0.12,0.06,-0.14,-1.75,-9.68,1,3,0
4624,0.00,-0.19,0.06,-0.16,-1.77,-9.58,1,3,0
4684,-0.06,0.06,-0.12,-0.13,-1.76,-9.69,1,3,0
4744,0.06,0.00,0.00,-0.17,-1.82,-9.59,1,3,0
4804,-0.12,0.12,0.00,-0.20,-1.76,-9.67,1,3,0
4864,-0.25,-0.31,0.06,-0.13,-1.77,-9.75,1,3,0
4924,-0.31,-0.06,0.12,-0.19,-1.76,-9.70,1,3,0
4984,0.19,-0.06,-0.06,-0.14,-1.75,-9.64,1,3,0
5044,0.19,-0.06,-0.06,-0.16,-1.78,-9.60,1,3,0
5104,0.37,0.12,-0.06,-0.15,-1.82,-9.65,1,3,0
5164,0.12,-0.19,0.06,-0.22,-1.74,-9.71,1,3,0
5224,0.19,0.00,0.00,-0.15,-1.76,-9.71,1,3,0
5284,0.00,0.00,0.06,-0.15,-1.75,-9.68,1,3,0
5344,-0.12,-0.06,-0.06,-0.11,-1.78,-9.47,1,3,0
5404,-0.25,0.19,-0.06,-0.13,-1.78,-9.65,1,3,0
5464,0.00,0.00,-0.06,-0.17,-1.81,-9.76,1,3,0
5524,0.12,0.12,0.06,-0.14,-1.78,-9.66,1,3,0
5584,0.00,0.06,0.06,-0.21,-1.78,-9.61,1,3,0
5644,0.06,-0.06,0.06,-0.12,-1.80,-9.62,1,3,0
5704,0.12,0.06,-0.06,-0.17,-1.75,-9.61,1,3,0
5764,-0.12,0.12,0.00,-0.15,-1.77,-9.73,1,3,0
5824,0.00,-0.12,0.00,-0.20,-1.79,-9.72,1,3,0
5884,0.12,0.12,-0.12,-0.13,-1.72,-9.63,1,3,0
5944,0.00,0.12,-0.06,-0.11,-1.75,-9.55,1,3,0
6004,0.06,0.00,-0.06,-0.18,-1.78,-9.60,1,3,0
6064,0.19,-0.25,0.12,-0.19,-1.76,-9.76,1,3,0
6124,0.19,0.00,0.19,-0.17,-1.74,-9.74,1,3,0
6184,0.25,0.12,0.06,-0.20,-1.76,-9.64,1,3,0
6244,0.06,-0.19,0.06,-0.18,-1.76,-9.61,1,3,0
6304,0.12,0.00,-0.12,-0.11,-1.78,-9.64,1,3,0
6364,0.00,0.12,-0.06,-0.14,-1.78,-9.72,1,3,0
6424,0.06,0.25,-0.06,-0.18,-1.79,-9.65,1,3,0
6484,0.06,0.06,0.00,-0.16,-1.77,-9.64,1,3,0
6544,0.06,-0.12,0.00,-0.13,-1.78,-9.66,1,3,0
6604,0.00,0.06,0.00,-0.15,-1.79,-9.58,1,3,0
6664,0.06,-0.06,-0.19,-0.15,-1.76,-9.71,1,3,0
6724,-0.12,-0.12,-0.06,-0.20,-1.76,-9.64,1,3,0
6784,0.00,0.00,0.06,-0.15,-1.78,-9.63,1,3,0
6844,-0.06,0.12,0.12,-0.17,-1.76,-9.63,1,3,0
6904,-0.12,-0.06,-0.06,-0.15,-1.76,-9.59,1,3,0
6964,0.25,0.12,0.06,-0.14,-1.75,-9.75,1,3,0
7024,0.00,0.06,0.12,-0.18,-1.78,-9.65,1,3,0
7084,0.31,0.00,0.00,-0.16,-1.75,-9.66,1,3,0
7144,-0.12,0.00,0.00,-0.20,-1.79,-9.61,1,3,0
7204,0.06,-0.06,0.12,-0.11,-1.75,-9.65,1,3,0
7264,-0.12,0.19,0.06,-0.17,-1.78,-9.74,1,3,0
7324,0.12,-0.12,0.00,-0.16,-1.75,-9.66,1,3,0
7384,0.06,-0.19,0.12,-0.16,-1.75,-9.69,1,3,0
7444,-0.06,-0.06,0.12,-0.14,-1.75,-9.63,1,3,0
7504,-0.12,-0.06,0.06,-0.17,-1.77,-9.68,1,3,1
7564,0.06,0.06,0.12,-0.15,-1.76,-9.76,1,3,1
7624,-0.25,-0.06,0.00,-0.13,-1.78,-9.67,1,3,1
7684,-0.19,0.00,0.06,-0.16,-1.77,-9.64,1,3,1
7744,0.00,0.12,-0.06,-0.12,-1.78,-9.63,1,3,1
7804,-0.06,0.00,-0.12,-0.08,-1.80,-9.68,1,3,1
7864,0.06,-0.06,0.06,-0.17,-1.81,-9.78,1,3,1
7924,0.44,-0.06,-0.31,-0.13,-1.78,-9.72,1,3,1
7984,-0.06,-0.06,-0.06,-0.21,-1.78,-9.66,1,3,1
8044,-0.12,0.00,0.00,-0.12,-1.77,-9.62,1,3,1
8104,-0.12,-0.12,0.06,-0.14,-1.78,-9.65,1,3,1
8164,0.00,0.00,0.06,-0.15,-1.72,-9.71,1,3,1
8224,0.00,0.06,-0.06,-0.17,-1.77,-9.68,1,3,1
8284,0.12,0.06,0.06,-0.14,-1.77,-9.63,1,3,1
8344,0.00,-0.12,0.00,-0.15,-1.73,-9.64,1,3,1
8404,-0.06,0.00,0.00,-0.14,-1.75,-9.66,1,3,1
8464,0.06,-0.06,0.00,-0.13,-1.77,-9.73,1,3,1
8524,0.00,0.00,-0.12,-0.19,-1.79,-9.76,1,3,1
8584,0.00,-0.06,0.06,-0.13,-1.77,-9.65,1,3,1
8644,0.19,0.00,-0.06,-0.19,-1.75,-9.61,1,3,1
8704,0.00,-0.12,0.00,-0.11,-1.77,-9.68,1,3,1
8764,0.12,-0.06,-0.06,-0.19,-1.77,-9.74,1,3,1
8824,0.06,0.06,0.00,-0.14,-1.73,-9.69,1,3,2
8884,-0.06,-0.06,-0.06,-0.22,-1.72,-9.73,1,3,2
8944,0.00,-0.06,0.00,-0.16,-1.75,-9.64,1,3,2
9004,0.00,-0.06,0.00,-0.20,-1.75,-9.64,1,3,2
9064,0.63,0.12,0.06,-0.13,-1.78,-9.76,1,3,2
9124,0.12,-0.19,-0.06,-0.17,-1.76,-9.74,1,3,2
9184,0.00,0.06,0.06,-0.22,-1.76,-9.63,1,3,2
9244,-0.12,0.12,0.00,-0.13,-1.78,-9.65,1,3,2
9304,0.12,0.06,-0.12,-0.17,-1.73,-9.62,1,3,2
9364,-0.12,0.12,-0.06,-0.14,-1.75,-9.75,1,3,2
9424,0.12,0.00,-0.06,-0.15,-1.77,-9.69,1,3,2
9484,0.00,-0.06,0.00,-0.15,-1.73,-9.64,1,3,2
9544,-0.19,-0.06,0.06,-0.16,-1.76,-9.61,1,3,2
9604,0.06,-0.06,0.12,-0.12,-1.78,-9.59,1,3,2
9664,0.12,-0.19,0.19,-0.14,-1.76,-9.75,1,3,2
9724,0.00,-0.19,0.00,-0.16,-1.76,-9.71,1,3,2
9784,0.00,-0.12,-0.06,-0.19,-1.74,-9.63,1,3,2
9844,-0.12,0.19,-0.06,-0.16,-1.77,-9.64,1,3,2
9904,-0.12,0.06,0.06,-0.17,-1.75,-9.63,1,3,2
9964,0.25,0.00,0.06,-0.18,-1.75,-9.74,1,3,2
10024,0.31,0.25,0.00,-0.16,-1.75,-9.67,1,3,2
10084,-0.06,0.06,-0.06,-0.16,-1.78,-9.63,1,3,2
10144,-0.06,0.00,-0.06,-0.13,-1.77,-9.65,1,3,2
10204,0.00,-0.25,-0.12,-0.16,-1.78,-9.62,1,3,2
10264,0.25,0.06,0.06,-0.14,-1.77,-9.75,1,3,2
10324,0.06,0.12,-0.06,-0.16,-1.78,-9.67,1,3,2
10384,-0.19,0.00,0.06,-0.13,-1.75,-9.61,1,3,2
10444,0.00,-0.06,-0.06,-0.17,-1.74,-9.59,1,3,3
10504,-0.44,0.19,0.00,-0.13,-1.72,-9.53,1,3,3
10564,0.06,0.06,0.06,-0.14,-1.75,-9.74,1,3,3
10624,0.12,0.00,-0.06,-0.15,-1.76,-9.65,1,3,3
10684,-0.12,0.12,-0.06,-0.13,-1.76,-9.62,1,3,3
10744,0.06,0.06,0.00,-0.13,-1.78,-9.64,1,3,3
10804,-0.12,0.06,0.00,-0.21,-1.73,-9.71,1,3,3
10864,-0.06,0.06,0.00,-0.15,-1.74,-9.74,1,3,3
10924,0.00,0.06,-0.06,-0.16,-1.76,-9.68,1,3,3
10984,-0.31,-0.06,0.06,-0.17,-1.75,-9.65,1,3,3
11044,0.06,-0.06,0.00,-0.15,-1.78,-9.62,1,3,3
11104,0.00,-0.06,-0.06,-0.17,-1.76,-9.63,1,3,3
11164,-0.12,-0.06,-0.06,-0.13,-1.77,-9.72,1,3,3
11224,0.12,-0.12,0.00,-0.12,-1.75,-9.65,1,3,3
11284,0.12,0.00,0.00,-0.16,-1.76,-9.65,1,3,3
11344,-0.06,-0.06,-0.06,-0.16,-1.75,-9.60,1,3,3
11404,0.19,0.00,-0.12,-0.16,-1.75,-9.65,1,3,3
11464,0.12,0.06,0.00,-0.11,-1.77,-9.73,1,3,3
11524,0.25,0.06,-0.06,-0.16,-1.78,-9.70,1,3,3
11584,0.37,0.00,0.06,-0.14,-1.75,-9.61,1,3,3
11644,0.12,-0.19,0.00,-0.18,-1.77,-9.65,1,3,3
11704,0.00,-0.06,-0.06,-0.15,-1.76,-9.61,1,3,3
11764,0.00,-0.12,0.00,-0.13,-1.76,-9.74,1,3,3
11824,-0.06,0.00,0.06,-0.13,-1.78,-9.67,1,3,4
11884,0.00,0.06,-0.06,-0.14,-1.74,-9.62,1,3,4
11944,0.12,-0.25,0.06,-0.12,-1.77,-9.60,1,3,4
12004,-0.06,-0.06,0.00,-0.13,-1.75,-9.65,1,3,4
12064,0.19,0.06,0.00,-0.19,-1.78,-9.74,1,3,4
12124,0.37,-0.06,0.00,-0.14,-1.76,-9.70,1,3,4
12184,-0.31,-0.06,-0.06,-0.11,-1.79,-9.70,1,3,4
12244,0.00,0.12,-0.06,-0.10,-1.75,-9.62,1,3,4
12304,-0.12,-0.06,0.00,-0.17,-1.76,-9.64,1,3,4
12364,-0.37,0.06,0.00,-0.15,-1.77,-9.75,1,3,4
12424,-0.25,0.00,0.00,-0.13,-1.75,-9.70,1,3,4
12484,-0.25,-0.12,0.06,-0.14,-1.75,-9.68,1,3,4
12544,-0.37,-0.06,0.00,-0.14,-1.75,-9.64,1,3,4
12604,-0.44,0.00,0.06,-0.14,-1.76,-9.62,1,3,4
12664,0.00,-0.06,0.00,-0.16,-1.78,-9.60,1,3,4
12724,0.06,-0.06,0.06,-0.11,-1.74,-9.70,1,3,4
12784,0.19,-0.06,-0.12,-0.15,-1.76,-9.68,1,3,4
12844,-0.06,0.06,-0.06,-0.18,-1.76,-9.64,1,3,4
12904,0.06,-0.19,0.00,-0.16,-1.75,-9.61,1,3,4
12964,0.00,0.06,0.19,-0.14,-1.78,-9.60,1,3,4
13024,0.19,0.12,0.06,-0.15,-1.77,-9.75,1,3,4
13084,-0.06,-0.06,0.06,-0.13,-1.77,-9.66,1,3,4
13144,0.19,0.00,0.06,-0.14,-1.75,-9.63,1,3,4
13204,-0.06,-0.12,0.06,-0.15,-1.78,-9.61,1,3,4
13264,0.12,0.00,0.00,-0.11,-1.77,-9.66,1,3,5
13324,-0.25,0.00,0.00,-0.20,-1.78,-9.79,1,3,5
13384,-0.12,-0.19,-0.06,-0.16,-1.74,-9.67,1,3,5
13444,-0.06,-0.19,-0.06,-0.18,-1.74,-9.64,1,3,6
13504,0.06,-0.19,0.06,-0.14,-1.75,-9.61,1,3,6
13564,0.37,0.00,0.06,-0.06,-1.78,-9.61,1,3,6
13624,0.12,-0.06,-0.06,-0.12,-1.73,-9.73,1,3,6
13684,-0.06,-0.06,0.00,-0.13,-1.75,-9.68,1,3,6
13744,-0.19,-0.06,-0.06,-0.14,-1.78,-9.66,1,3,6
13804,0.06,0.00,0.00,-0.15,-1.75,-9.63,1,3,6
13864,-0.06,0.19,-0.12,-0.13,-1.75,-9.63,1,3,6
13924,0.00,0.06,0.00,-0.15,-1.78,-9.73,1,3,6
13984,0.06,-0.19,-0.06,-0.16,-1.76,-9.68,1,3,6
14044,-0.12,-0.12,0.06,-0.15,-1.74,-9.66,1,3,6
14104,0.00,0.12,0.00,-0.16,-1.75,-9.61,1,3,6
14164,-0.06,0.06,0.12,-0.14,-1.75,-9.63,1,3,6
14224,-0.19,0.00,0.06,-0.16,-1.76,-9.69,1,3,6
14284,0.00,0.06,0.06,-0.16,-1.75,-9.67,1,3,6
14344,0.00,-0.06,0.00,-0.16,-1.78,-9.65,1,3,6
14404,-0.06,0.06,0.00,-0.15,-1.75,-9.61,1,3,6
14464,-0.06,-0.19,0.00,-0.14,-1.75,-9.63,1,3,6
14524,0.12,0.12,-0.06,-0.16,-1.77,-9.74,1,3,6
14584,-0.06,0.12,-0.12,-0.15,-1.76,-9.68,1,3,6
14644,-0.25,0.06,0.06,-0.13,-1.75,-9.65,1,3,6
14704,0.12,-0.06,-0.06,-0.13,-1.77,-9.60,1,3,7
14764,0.06,0.00,0.00,-0.14,-1.77,-9.64,1,3,7
14824,-0.19,-0.12,-0.06,-0.13,-1.77,-9.69,1,3,7
14884,0.12,-0.31,0.12,-0.15,-1.75,-9.74,1,3,7
14944,0.25,-0.06,-0.12,-0.14,-1.78,-9.65,1,3,7
15004,-0.12,-0.12,0.00,-0.14,-1.75,-9.60,1,3,7
15064,-0.19,0.00,0.00,-0.17,-1.76,-9.60,1,3,7
15124,-0.06,0.06,-0.06,-0.15,-1.77,-9.73,1,3,7
15184,0.06,0.00,0.06,-0.14,-1.75,-9.69,1,3,7
15244,0.00,-0.12,-0.06,-0.14,-1.77,-9.64,1,3,7
15304,0.00,-0.06,0.06,-0.16,-1.75,-9.62,1,3,7
15364,-0.19,-0.06,-0.06,-0.13,-1.74,-9.60,1,3,7
15424,0.00,0.00,0.00,-0.14,-1.76,-9.73,1,3,7
15484,-0.19,0.06,0.00,-0.14,-1.76,-9.72,1,3,7
15544,-0.06,-0.19,0.06,-0.12,-1.76,-9.66,1,3,7
15604,-0.12,0.00,-0.06,-0.13,-1.76,-9.61,1,3,7
15664,-0.06,-0.06,0.12,-0.17,-1.76,-9.59,1,3,7
15724,-0.25,-0.06,0.00,-0.14,-1.77,-9.73,1,3,7
15784,-0.19,0.06,0.06,-0.15,-1.77,-9.64,1,3,7
15844,0.00,0.00,0.00,-0.14,-1.76,-9.64,1,3,7
15904,0.00,0.00,0.00,-0.15,-1.78,-9.60,1,3,7
15964,0.25,-0.06,-0.06,-0.15,-1.76,-9.63,1,3,7
16024,-0.06,0.00,-0.06,-0.15,-1.75,-9.73,1,3,7
16084,0.19,0.06,-0.06,-0.17,-1.77,-9.66,1,3,8
16144,-0.25,0.12,-0.06,-0.17,-1.77,-9.65,1,3,8
16204,-0.31,0.00,0.00,-0.14,-1.75,-9.59,1,3,8
16264,-0.31,0.00,0.00,-0.15,-1.75,-9.64,1,3,8
16324,-0.12,-0.06,0.00,-0.16,-1.76,-9.72,1,3,8
16384,0.19,0.00,-0.12,-0.14,-1.78,-9.65,1,3,8
16444,0.00,0.12,-0.12,-0.22,-1.68,-9.57,1,3,8
16504,0.06,-0.12,0.06,-0.12,-1.76,-9.60,1,3,8
16564,-0.19,0.00,0.00,-0.14,-1.77,-9.68,1,3,8
16624,0.00,-0.06,0.06,-0.15,-1.75,-9.75,1,3,8
16684,0.19,-0.06,-0.06,-0.13,-1.74,-9.68,1,3,8
16744,-0.06,0.31,0.00,0.01,-1.82,-9.77,1,3,8
16804,0.31,0.19,0.00,-0.15,-1.79,-9.64,1,3,8
16864,-0.37,0.06,-0.06,-0.17,-1.78,-9.69,1,3,8
16924,-0.19,0.00,0.00,-0.15,-1.79,-9.73,1,3,8
16984,-0.25,0.44,-0.44,-0.19,-1.65,-9.70,1,3,8
17044,-0.19,0.19,-0.06,-0.10,-1.83,-9.71,1,3,8
17104,-0.12,-0.06,0.12,0.01,-1.68,-9.60,1,3,8
17164,-0.12,-0.19,0.06,-0.11,-1.78,-9.62,1,3,8
17224,0.19,-0.12,-0.06,-0.16,-1.77,-9.71,1,3,8
17284,0.12,-0.06,0.06,-0.14,-1.79,-9.71,1,3,8
17344,-0.06,0.06,0.00,-0.18,-1.74,-9.63,1,3,8
17404,0.00,-0.12,0.06,-0.17,-1.75,-9.59,1,3,8
17464,0.12,-0.12,0.06,-0.17,-1.78,-9.66,1,3,8
17524,0.19,0.06,0.00,-0.16,-1.77,-9.74,1,3,8
17584,0.25,0.06,-0.06,-0.17,-1.78,-9.67,1,3,8
17644,0.00,-0.06,0.06,-0.15,-1.79,-9.62,1,3,8
17704,0.12,0.06,0.00,-0.17,-1.77,-9.64,1,3,8
17764,0.19,-0.19,-0.06,-0.16,-1.77,-9.64,1,3,8
17824,0.00,0.06,0.06,-0.17,-1.78,-9.75,1,3,8
17884,0.00,-0.06,0.06,-0.17,-1.76,-9.71,1,3,8
17944,0.00,0.06,0.00,-0.16,-1.76,-9.61,1,3,8
18004,-0.12,-0.06,0.06,-0.18,-1.78,-9.62,1,3,8
18064,0.00,0.00,-0.06,-0.17,-1.79,-9.66,1,3,8
18124,-0.06,-0.06,0.00,-0.18,-1.76,-9.73,1,3,8
18184,0.00,-0.06,-0.06,-0.14,-1.77,-9.71,1,3,8
18244,0.25,0.06,0.00,-0.15,-1.78,-9.64,1,3,8
18304,0.00,0.06,0.00,-0.14,-1.78,-9.63,1,3,8
18364,0.06,0.00,-0.06,-0.17,-1.78,-9.62,1,3,8
18424,0.25,0.00,-0.06,-0.15,-1.78,-9.76,1,3,8
18484,0.00,0.06,-0.06,-0.16,-1.72,-9.70,1,3,8
18544,0.12,0.06,-0.12,-0.17,-1.78,-9.64,1,3,8
18604,0.12,0.00,0.00,-0.18,-1.78,-9.61,1,3,8
18664,-0.19,-0.06,-0.06,-0.18,-1.76,-9.60,1,3,8
18724,0.12,-0.12,0.06,-0.16,-1.78,-9.73,1,3,8
18784,0.50,0.06,-0.06,-0.15,-1.77,-9.67,1,3,8
18844,0.37,0.00,-0.12,-0.17,-1.73,-9.64,1,3,8
18904,0.37,-0.12,0.00,-0.03,-1.81,-9.59,1,3,8
18964,-0.06,0.00,0.06,-0.21,-1.77,-9.60,1,3,8
19024,0.37,-0.06,0.06,-0.09,-1.72,-9.82,1,3,8
