3484,0.19,0.12,-0.06,-0.13,-1.80,-9.66,1,3
3544,0.19,-0.19,0.12,-0.18,-1.78,-9.64,1,3
3604,0.06,0.06,0.00,-0.15,-1.78,-9.78,1,3
3664,0.19,-0.06,0.06,-0.15,-1.81,-9.68,1,3
3724,0.31,0.06,0.00,-0.11,-1.79,-9.66,1,3
3784,0.06,-0.06,-0.12,-0.14,-1.80,-9.65,1,3
3844,0.06,0.12,0.00,-0.16,-1.78,-9.60,1,3
3904,0.06,0.00,0.00,-0.14,-1.80,-9.69,1,3
3964,-0.06,-0.19,-0.06,-0.13,-1.82,-9.67,1,3
4024,-0.19,0.00,0.06,-0.14,-1.81,-9.64,1,3
4084,-0.19,-0.12,0.00,-0.15,-1.81,-9.64,1,3
4144,-0.12,-0.06,0.06,-0.15,-1.81,-9.64,1,3
4204,-0.06,-0.19,0.06,-0.16,-1.80,-9.65,1,3
4264,-0.06,0.06,0.19,-0.15,-1.79,-9.75,1,3
4324,0.25,0.06,0.12,-0.13,-1.80,-9.66,1,3
4384,0.19,0.12,0.12,-0.13,-1.78,-9.67,1,3
4444,0.12,0.06,0.12,-0.15,-1.82,-9.66,1,3
4504,-0.12,0.00,0.00,-0.14,-1.82,-9.67,1,3
4564,-0.12,0.12,0.06,-0.13,-1.80,-9.75,1,3
4624,-0.19,0.00,0.00,-0.14,-1.82,-9.71,1,3
4684,-0.06,0.12,-0.06,-0.15,-1.79,-9.68,1,3
4744,-0.06,0.00,0.06,-0.13,-1.78,-9.64,1,3
4804,-0.06,0.12,-0.06,-0.13,-1.82,-9.66,1,3
4864,-0.06,-0.06,0.00,-0.12,-1.83,-9.74,1,3
4924,-0.31,-0.19,-0.06,-0.16,-1.80,-9.72,1,3
4984,-0.06,0.12,0.00,-0.17,-1.81,-9.67,1,3
5044,-0.06,0.00,0.00,-0.15,-1.81,-9.63,1,3
5104,0.31,0.00,-0.12,-0.16,-1.82,-9.64,1,3
5164,-0.12,-0.12,-0.12,-0.14,-1.79,-9.76,1,3
5224,0.00,0.19,0.00,-0.13,-1.82,-9.72,1,3
5284,0.06,-0.12,-0.12,-0.14,-1.80,-9.67,1,3
5344,0.06,-0.19,0.00,-0.16,-1.80,-9.61,1,3
5404,-0.06,0.12,0.06,-0.15,-1.81,-9.63,1,3
5464,-0.12,0.06,-0.12,-0.14,-1.77,-9.74,1,3
5524,0.06,0.06,-0.06,-0.15,-1.79,-9.72,1,3
5584,0.00,0.19,0.06,-0.12,-1.78,-9.64,1,3
5644,-0.19,-0.25,0.06,-0.14,-1.80,-9.64,1,3
5704,0.00,0.00,0.00,-0.14,-1.81,-9.62,1,3
5764,0.06,0.06,-0.06,-0.16,-1.81,-9.76,1,3
5824,0.12,0.00,0.06,-0.14,-1.78,-9.67,1,3
5884,-0.06,-0.06,0.06,-0.14,-1.81,-9.66,1,3
5944,0.00,0.00,0.00,-0.17,-1.80,-9.61,1,3
6004,0.00,0.25,-0.06,-0.15,-1.79,-9.65,1,3
6064,0.06,-0.06,0.06,-0.13,-1.83,-9.76,1,3
6124,0.31,0.06,0.06,-0.13,-1.79,-9.69,1,3
6184,0.00,0.00,-0.12,-0.14,-1.81,-9.66,1,3
6244,0.06,-0.06,0.00,-0.12,-1.80,-9.65,1,3
6304,-0.06,0.00,-0.12,-0.13,-1.80,-9.72,1,3
6364,-0.06,0.06,0.00,-0.14,-1.78,-9.75,1,3
6424,0.06,0.12,-0.12,-0.17,-1.79,-9.64,1,3
6484,0.00,0.06,0.00,-0.19,-1.81,-9.69,1,3
6544,-0.12,0.00,0.06,-0.14,-1.79,-9.65,1,3
6604,0.12,-0.06,-0.06,-0.16,-1.85,-9.69,1,3
6664,0.06,0.06,0.19,-0.14,-1.79,-9.76,1,3
6724,0.00,-0.06,-0.06,-0.13,-1.81,-9.69,1,3
6784,0.06,-0.06,0.06,-0.14,-1.79,-9.64,1,3
6844,0.00,0.12,-0.06,-0.14,-1.82,-9.69,1,3
6904,-0.12,0.00,-0.06,-0.12,-1.79,-9.67,1,3
6964,-0.12,0.00,0.12,-0.15,-1.81,-9.74,1,3
7024,-0.25,0.00,-0.06,-0.15,-1.80,-9.71,1,3
7084,0.12,0.06,-0.12,-0.13,-1.81,-9.63,1,3
7144,-0.19,-0.12,-0.12,-0.13,-1.81,-9.62,1,3
7204,-0.06,0.12,0.00,-0.17,-1.74,-9.64,1,3
7264,-0.12,0.25,-0.12,-0.16,-1.79,-9.72,1,3
7324,0.12,-0.12,0.00,-0.11,-1.78,-9.70,1,3
7384,0.06,0.06,0.00,-0.16,-1.80,-9.66,1,3
7444,-0.06,-0.06,0.12,-0.13,-1.82,-9.62,1,3
7504,-0.06,-0.19,0.00,-0.11,-1.81,-9.68,1,3
7564,0.19,0.00,-0.06,-0.16,-1.78,-9.73,1,3
7624,0.06,-0.06,-0.06,-0.16,-1.84,-9.72,1,3
7684,0.19,0.00,0.06,-0.15,-1.85,-9.65,1,3
7744,0.12,0.06,-0.06,-0.10,-1.76,-9.63,1,3
7804,-0.19,-0.06,-0.12,-0.17,-1.84,-9.66,1,3
7864,0.06,0.06,-0.06,-0.17,-1.86,-9.78,1,3
7924,0.19,0.06,-0.06,-0.14,-1.87,-9.72,1,3
7984,0.37,0.19,-0.31,-0.17,-1.77,-9.66,1,3
8044,-0.06,-0.19,0.06,-0.14,-1.92,-9.67,1,3
8104,0.19,0.00,-0.06,-0.11,-1.79,-9.67,1,3
8164,0.00,0.00,0.00,-0.11,-1.85,-9.76,1,3
8224,0.12,0.06,0.00,-0.16,-1.82,-9.72,1,3
8284,0.06,0.06,-0.06,-0.13,-1.79,-9.65,1,3
8344,-0.12,-0.12,-0.06,-0.15,-1.74,-9.61,1,3
8404,-0.31,0.06,0.00,-0.15,-1.81,-9.64,1,3
8464,0.19,-0.06,-0.06,-0.12,-1.77,-9.77,1,3
8524,0.00,-0.06,0.06,-0.13,-1.82,-9.73,1,3
8584,-0.06,-0.25,0.00,-0.15,-1.81,-9.64,1,3
8644,0.06,0.12,0.00,-0.13,-1.83,-9.64,1,3
8704,0.00,-0.06,0.06,-0.13,-1.80,-9.63,1,3
8764,0.19,0.06,0.00,-0.12,-1.80,-9.77,1,3
8824,0.00,0.12,0.00,-0.14,-1.84,-9.66,1,3
8884,0.12,0.00,0.00,-0.12,-1.81,-9.65,1,3
8944,0.12,-0.06,0.12,-0.14,-1.81,-9.60,1,3
9004,-0.12,-0.06,-0.06,-0.15,-1.81,-9.62,1,3
9064,0.12,0.19,-0.12,-0.14,-1.82,-9.77,1,3
9124,-0.25,-0.19,0.12,-0.12,-1.79,-9.67,1,3
9184,-0.19,-0.12,0.00,-0.14,-1.82,-9.67,1,3
9244,-0.06,0.00,0.00,-0.12,-1.82,-9.61,1,3
9304,0.06,0.19,0.12,-0.14,-1.79,-9.65,1,3
9364,0.12,0.06,0.06,-0.12,-1.81,-9.76,1,3
9424,-0.06,-0.06,0.00,-0.14,-1.80,-9.67,1,3
9484,-0.19,0.00,0.00,-0.12,-1.81,-9.65,1,3
9544,-0.06,0.06,-0.06,-0.12,-1.79,-9.65,1,3
9604,-0.19,0.00,0.00,-0.16,-1.80,-9.69,1,3
9664,-0.19,0.00,0.00,-0.16,-1.82,-9.76,1,3
9724,0.06,0.12,0.06,-0.13,-1.80,-9.67,1,3
9784,0.12,0.12,0.00,-0.15,-1.80,-9.68,1,3
9844,-0.06,0.06,0.06,-0.15,-1.82,-9.63,1,3
9904,-0.12,0.06,0.00,-0.14,-1.78,-9.71,1,3
9964,-0.06,0.06,0.19,-0.13,-1.78,-9.77,1,3
10024,0.12,0.00,0.06,-0.16,-1.81,-9.70,1,3
10084,0.06,0.06,-0.06,-0.13,-1.80,-9.69,1,3
10144,0.19,-0.06,-0.06,-0.12,-1.81,-9.65,1,3
10204,-0.06,-0.31,0.06,-0.12,-1.79,-9.69,1,3
10264,0.12,0.00,-0.06,-0.13,-1.81,-9.75,1,3
10324,0.00,0.06,0.06,-0.15,-1.80,-9.71,1,3
10384,-0.06,-0.06,0.00,-0.12,-1.80,-9.67,1,3
10444,0.00,0.00,-0.06,-0.11,-1.81,-9.67,1,3
10504,0.00,0.25,-0.06,-0.14,-1.81,-9.66,1,3
10564,0.19,0.06,0.00,-0.13,-1.83,-9.74,1,3
10624,0.25,0.00,0.00,-0.13,-1.82,-9.70,1,3
10684,-0.06,0.19,0.06,-0.14,-1.79,-9.66,1,3
10744,0.06,0.06,0.00,-0.16,-1.81,-9.66,1,3
10804,0.00,-0.06,-0.06,-0.12,-1.82,-9.65,1,3
10864,0.25,-0.06,0.06,-0.13,-1.79,-9.72,1,3
10924,-0.06,0.12,0.00,-0.16,-1.82,-9.70,1,3
10984,0.00,-0.12,0.12,-0.15,-1.80,-9.67,1,3
11044,0.19,-0.12,0.12,-0.13,-1.80,-9.70,1,3
11104,0.19,0.00,0.00,-0.11,-1.83,-9.63,1,3
11164,0.19,-0.06,0.12,-0.18,-1.83,-9.75,1,3
11224,0.00,0.00,0.00,-0.15,-1.82,-9.72,1,3
11284,-0.12,-0.12,-0.06,-0.14,-1.80,-9.66,1,3
11344,-0.25,0.00,-0.06,-0.14,-1.81,-9.65,1,3
11404,0.00,-0.06,0.06,-0.22,-1.83,-9.62,1,3
11464,-0.06,-0.12,-0.06,-0.14,-1.80,-9.76,1,3
11524,0.12,0.12,-0.12,-0.10,-1.82,-9.72,1,3
11584,0.31,0.12,0.00,-0.17,-1.80,-9.69,1,3
11644,0.00,-0.19,0.00,-0.15,-1.82,-9.69,1,3
11704,-0.06,-0.06,0.06,-0.15,-1.82,-9.64,1,3
11764,0.06,0.06,0.25,-0.12,-1.80,-9.72,1,3
11824,-0.31,0.00,0.12,-0.13,-1.82,-9.77,1,3
11884,-0.06,0.12,-0.06,-0.11,-1.78,-9.67,1,3
11944,0.00,-0.12,0.06,-0.11,-1.78,-9.66,1,3
12004,-0.12,0.00,0.06,-0.14,-1.80,-9.62,1,3
