82928,0.06,0.00,-0.12,-0.11,-1.76,-9.72,1,3,0
82988,1.19,-0.25,0.12,-0.17,-1.85,-9.62,1,3,0
83048,0.19,0.00,0.06,-0.15,-1.79,-9.67,1,3,0
83108,-0.06,0.25,-0.12,-0.17,-1.81,-9.61,1,3,0
83168,-0.94,-0.06,0.06,-0.10,-1.80,-9.64,1,3,0
83228,0.12,-0.19,0.00,-0.12,-1.89,-9.82,1,3,0
83288,0.19,0.06,0.00,-0.10,-1.89,-9.70,1,3,0
83348,-0.12,-0.06,0.00,-0.15,-1.78,-9.68,1,3,0
83408,0.00,0.00,0.00,-0.17,-1.79,-9.60,1,3,0
83468,0.12,0.00,-0.06,-0.14,-1.83,-9.66,1,3,0
83528,0.12,0.06,0.06,-0.13,-1.81,-9.72,1,3,0
83588,0.19,0.06,0.06,-0.13,-1.78,-9.69,1,3,0
83648,-0.06,0.06,0.00,-0.13,-1.81,-9.64,1,3,0
83708,-0.06,0.00,-0.06,-0.10,-1.83,-9.63,1,3,0
83768,-0.19,0.00,0.00,-0.14,-1.79,-9.69,1,3,0
83828,-0.12,-0.25,0.00,-0.11,-1.81,-9.74,1,3,0
83888,0.00,0.00,-0.06,-0.16,-1.80,-9.67,1,3,0
83948,-0.06,-0.06,0.00,-0.12,-1.79,-9.65,1,3,0
84008,0.19,-0.19,0.06,-0.13,-1.79,-9.62,1,3,0
84068,-0.06,0.00,-0.06,-0.17,-1.78,-9.66,1,3,0
84128,-0.06,0.12,0.06,-0.12,-1.83,-9.71,1,3,0
84188,0.06,0.00,0.00,-0.16,-1.84,-9.69,1,3,0
84248,0.06,-0.12,0.06,-0.13,-1.79,-9.62,1,3,0
84308,-0.06,-0.06,-0.06,-0.15,-1.78,-9.66,1,3,0
84368,-0.06,0.06,0.06,-0.15,-1.79,-9.63,1,3,0
84428,0.00,-0.06,0.19,-0.16,-1.78,-9.73,1,3,0
84488,-0.19,0.00,0.00,-0.18,-1.79,-9.68,1,3,0
84548,0.00,0.06,0.00,-0.13,-1.80,-9.63,1,3,0
84608,0.00,0.00,-0.06,-0.15,-1.80,-9.64,1,3,0
84668,-0.12,0.06,-0.06,-0.12,-1.80,-9.63,1,3,0
84728,-0.06,0.06,-0.12,-0.14,-1.80,-9.71,1,3,0
84788,-0.12,-0.06,-0.06,-0.14,-1.80,-9.67,1,3,0
84848,0.19,0.06,-0.06,-0.12,-1.78,-9.67,1,3,0
84908,-0.12,0.00,0.06,-0.15,-1.80,-9.64,1,3,0
84968,-0.12,-0.12,0.00,-0.17,-1.82,-9.64,1,3,0
85028,-0.25,-0.06,-0.06,-0.15,-1.81,-9.72,1,3,0
85088,0.12,0.00,0.00,-0.12,-1.79,-9.67,1,3,0
85148,0.00,0.06,0.00,-0.14,-1.80,-9.63,1,3,0
85208,-0.19,-0.12,0.00,-0.13,-1.79,-9.62,1,3,0
85268,0.12,0.12,-0.06,-0.15,-1.79,-9.62,1,3,0
85328,0.12,0.12,0.00,-0.13,-1.82,-9.70,1,3,0
85388,-0.06,0.19,-0.12,-0.14,-1.79,-9.71,1,3,0
85448,0.06,-0.06,0.06,-0.12,-1.79,-9.61,1,3,0
85508,0.06,-0.06,-0.06,-0.14,-1.80,-9.62,1,3,0
85568,-0.19,0.00,-0.06,-0.15,-1.80,-9.61,1,3,0
85628,0.06,0.06,-0.06,-0.14,-1.80,-9.73,1,3,0
85688,0.00,-0.06,0.06,-0.15,-1.81,-9.66,1,3,0
85748,0.25,0.00,-0.06,-0.12,-1.79,-9.66,1,3,0
85808,0.06,0.00,0.00,-0.13,-1.79,-9.58,1,3,0
85868,0.12,0.06,-0.19,-0.16,-1.79,-9.59,1,3,0
85928,0.00,0.06,-0.06,-0.14,-1.78,-9.73,1,3,0
85988,-0.06,-0.06,0.00,-0.17,-1.83,-9.72,1,3,0
86048,0.00,-0.19,-0.06,-0.14,-1.81,-9.63,1,3,0
86108,0.12,0.12,0.06,-0.12,-1.81,-9.59,1,3,0
86168,0.12,0.00,0.00,-0.15,-1.80,-9.62,1,3,0
86228,0.00,0.00,-0.06,-0.16,-1.79,-9.76,1,3,0
86288,0.00,0.00,0.00,-0.13,-1.80,-9.69,1,3,0
86348,0.12,0.00,-0.06,-0.18,-1.80,-9.67,1,3,0
86408,-0.06,-0.19,0.06,-0.16,-1.78,-9.61,1,3,0
86468,0.00,-0.06,0.00,-0.16,-1.81,-9.59,1,3,0
86528,-0.12,0.06,0.00,-0.16,-1.83,-9.73,1,3,0
86588,-0.06,-0.12,0.00,-0.15,-1.81,-9.66,1,3,0
86648,0.06,-0.12,0.06,-0.17,-1.79,-9.63,1,3,0
86708,-0.06,-0.06,-0.06,-0.15,-1.78,-9.60,1,3,0
86768,-0.12,-0.12,0.06,-0.16,-1.79,-9.59,1,3,0
86828,-0.12,-0.06,0.00,-0.17,-1.79,-9.77,1,3,0
86888,-0.06,0.00,0.00,-0.16,-1.81,-9.68,1,3,0
86948,0.06,0.00,-0.06,-0.14,-1.79,-9.63,1,3,0
87008,0.06,0.00,0.06,-0.14,-1.80,-9.63,1,3,0
87068,-0.06,-0.12,0.00,-0.14,-1.79,-9.62,1,3,0
87128,0.19,0.25,0.00,-0.10,-1.78,-9.71,1,3,0
87188,0.00,0.06,0.06,-0.20,-1.82,-9.75,1,3,0
87248,0.19,-0.06,0.06,-0.13,-1.78,-9.67,1,3,0
87308,0.12,0.06,0.00,-0.13,-1.80,-9.60,1,3,0
87368,0.00,-0.06,0.06,-0.13,-1.79,-9.63,1,3,0
87428,0.19,0.00,0.00,-0.17,-1.79,-9.66,1,3,0
87488,0.00,-0.06,0.00,-0.12,-1.80,-9.70,1,3,0
87548,-0.12,0.00,-0.12,-0.11,-1.79,-9.68,1,3,0
87608,0.00,-0.19,0.00,-0.17,-1.81,-9.62,1,3,0
87668,-0.12,0.06,0.06,-0.12,-1.79,-9.60,1,3,0
87728,-0.12,-0.06,0.12,-0.17,-1.82,-9.61,1,3,0
87788,0.06,0.00,0.06,-0.15,-1.80,-9.76,1,3,0
87848,-0.12,-0.12,-0.12,-0.17,-1.78,-9.70,1,3,0
87908,-0.12,0.00,0.06,-0.14,-1.80,-9.61,1,3,0
87968,-0.06,-0.25,0.12,-0.16,-1.81,-9.60,1,3,0
88028,-0.06,0.00,0.06,-0.14,-1.82,-9.60,1,3,0
88088,0.00,-0.12,0.19,-0.15,-1.82,-9.76,1,3,0
88148,0.06,-0.06,-0.06,-0.14,-1.79,-9.71,1,3,0
88208,0.00,0.00,-0.06,-0.15,-1.81,-9.60,1,3,0
88268,-0.06,0.06,0.00,-0.16,-1.80,-9.60,1,3,0
88328,0.06,-0.06,-0.06,-0.16,-1.79,-9.61,1,3,0
88388,0.12,0.00,-0.06,-0.17,-1.80,-9.75,1,3,0
88448,0.00,-0.19,0.00,-0.12,-1.79,-9.69,1,3,0
88508,-0.25,-0.25,-0.06,-0.18,-1.78,-9.65,1,3,0
88568,0.12,-0.06,-0.06,-0.14,-1.79,-9.57,1,3,0
88628,0.00,-0.12,0.06,-0.13,-1.80,-9.61,1,3,0
88688,-0.12,-0.12,0.00,-0.20,-1.80,-9.74,1,3,0
88748,0.06,-0.06,0.00,-0.15,-1.79,-9.65,1,3,0
88808,0.06,0.06,0.00,-0.13,-1.80,-9.61,1,3,0
88868,0.00,0.12,-0.06,-0.17,-1.80,-9.60,1,3,0
88928,-0.12,0.00,-0.12,-0.15,-1.80,-9.58,1,3,0
88988,-0.12,-0.12,0.06,-0.12,-1.78,-9.70,1,3,0
89048,0.00,0.00,-0.06,-0.17,-1.78,-9.70,1,3,0
89108,0.00,-0.06,0.00,-0.18,-1.78,-9.63,1,3,0
89168,0.00,0.06,0.00,-0.12,-1.79,-9.64,1,3,0
89228,0.12,0.19,-0.06,-0.20,-1.78,-9.67,1,3,0
89288,0.25,0.00,0.00,-0.14,-1.80,-9.70,1,3,0
89348,0.00,0.06,0.06,-0.15,-1.79,-9.66,1,3,0
89408,-0.12,0.06,0.12,-0.13,-1.79,-9.65,1,3,0
89468,-0.12,0.12,0.00,-0.16,-1.80,-9.61,1,3,0
89528,-0.19,-0.06,0.06,-0.14,-1.79,-9.66,1,3,0
89588,-0.06,0.00,0.06,-0.15,-1.79,-9.72,1,3,0
89648,-0.12,0.00,0.00,-0.14,-1.76,-9.65,1,3,0
89708,-0.06,-0.12,0.00,-0.14,-1.81,-9.62,1,3,0
89768,0.25,0.00,0.00,-0.14,-1.80,-9.62,1,3,0
89828,-0.31,0.12,0.06,-0.14,-1.80,-9.62,1,3,0
89888,-0.06,-0.12,0.00,-0.13,-1.78,-9.69,1,3,0
89948,-0.12,0.06,-0.06,-0.14,-1.80,-9.65,1,3,0
90008,0.06,-0.06,0.06,-0.16,-1.77,-9.60,1,3,0
90068,0.06,0.06,0.06,-0.13,-1.83,-9.64,1,3,0
90128,0.19,0.12,0.00,-0.16,-1.80,-9.62,1,3,0
90188,0.00,-0.06,0.00,-0.15,-1.78,-9.71,1,3,0
90248,-0.12,0.00,0.06,-0.15,-1.82,-9.66,1,3,0
90308,0.12,0.00,0.06,-0.16,-1.79,-9.64,1,3,0
90368,0.12,0.12,0.00,-0.13,-1.79,-9.61,1,3,0
90428,0.00,0.25,-0.06,-0.18,-1.78,-9.66,1,3,0
90488,-0.12,0.00,0.00,-0.17,-1.82,-9.71,1,3,0
90548,0.19,-0.06,0.00,-0.14,-1.83,-9.67,1,3,0
90608,-0.25,0.00,0.00,-0.14,-1.80,-9.63,1,3,0
90668,0.00,-0.06,0.00,-0.16,-1.80,-9.64,1,3,0
90728,-0.06,-0.25,-0.06,-0.13,-1.80,-9.65,1,3,0
90788,-0.06,0.06,0.06,-0.16,-1.80,-9.72,1,3,0
90848,-0.06,0.06,0.12,-0.14,-1.80,-9.67,1,3,0
90908,-0.06,0.00,-0.06,-0.13,-1.80,-9.64,1,3,0
90968,-0.19,0.06,-0.06,-0.16,-1.78,-9.59,1,3,0
91028,0.00,-0.12,-0.06,-0.13,-1.78,-9.61,1,3,0
91088,0.00,-0.06,0.06,-0.18,-1.79,-9.74,1,3,0
91148,0.00,0.12,-0.06,-0.13,-1.80,-9.70,1,3,0
91208,0.00,0.00,0.00,-0.15,-1.80,-9.63,1,3,0
91268,0.06,-0.06,-0.12,-0.16,-1.80,-9.61,1,3,0
91328,0.00,-0.06,0.00,-0.14,-1.78,-9.60,1,3,0
91388,0.00,-0.12,0.12,-0.14,-1.80,-9.72,1,3,0
91448,0.06,0.12,-0.06,-0.15,-1.81,-9.70,1,3,0
91508,-0.19,0.12,0.00,-0.17,-1.80,-9.63,1,3,0
91568,0.00,0.12,0.00,-0.12,-1.78,-9.61,1,3,0
91628,0.00,0.06,-0.06,-0.13,-1.81,-9.60,1,3,0
91688,0.19,0.00,0.19,-0.13,-1.81,-9.72,1,3,0
91748,0.00,-0.06,0.00,-0.15,-1.78,-9.65,1,3,0
91808,-0.12,-0.06,0.00,-0.17,-1.80,-9.63,1,3,0
91868,-0.12,-0.06,0.06,-0.13,-1.81,-9.60,1,3,0
91928,-0.06,0.00,0.00,-0.15,-1.80,-9.61,1,3,0
91988,0.06,0.00,-0.06,-0.16,-1.82,-9.72,1,3,0
92048,-0.25,-0.19,0.00,-0.14,-1.79,-9.64,1,3,0
92108,0.00,0.06,0.06,-0.16,-1.80,-9.64,1,3,0
92168,-0.19,0.12,0.12,-0.16,-1.80,-9.60,1,3,0
92228,-0.19,-0.25,0.12,-0.13,-1.80,-9.60,1,3,0
92288,0.06,-0.06,0.06,-0.13,-1.80,-9.73,1,3,0
92348,-0.06,-0.19,-0.06,-0.15,-1.78,-9.66,1,3,0
92408,-0.12,-0.12,-0.06,-0.15,-1.80,-9.65,1,3,0
92468,-0.06,0.06,0.00,-0.16,-1.83,-9.61,1,3,0
92528,0.19,0.06,-0.06,-0.16,-1.78,-9.69,1,3,0
92588,0.00,0.00,-0.06,-0.12,-1.79,-9.74,1,3,0
92648,0.00,0.12,0.06,-0.16,-1.80,-9.65,1,3,0
92708,0.00,-0.19,-0.06,-0.16,-1.78,-9.66,1,3,0
92768,-0.12,-0.12,0.06,-0.14,-1.80,-9.62,1,3,0
92828,-0.06,-0.19,-0.12,-0.16,-1.79,-9.65,1,3,0
92888,0.19,0.00,0.00,-0.15,-1.80,-9.72,1,3,0
92948,0.12,-0.12,0.06,-0.13,-1.79,-9.67,1,3,0
93008,0.06,0.00,0.06,-0.14,-1.79,-9.61,1,3,0
93068,-0.25,-0.06,0.00,-0.14,-1.79,-9.64,1,3,0
93128,0.06,0.00,0.00,-0.15,-1.79,-9.65,1,3,0
93188,0.06,0.00,-0.06,-0.13,-1.80,-9.72,1,3,0
93248,0.19,0.00,0.06,-0.21,-1.77,-9.67,1,3,0
93308,-0.19,0.00,0.00,-0.15,-1.80,-9.65,1,3,0
93368,-0.44,0.00,-0.06,-0.15,-1.83,-9.62,1,3,0
93428,0.25,0.00,-0.06,-0.17,-1.79,-9.63,1,3,0
